0
[0.9322, 0.9509, 0.9602, 0.9662, 0.9696, 0.9744, 0.9754, 0.978, 0.9786, 0.9791, 0.98, 0.9798, 0.981, 0.9811, 0.9813, 0.9813, 0.9815, 0.9813, 0.9806, 0.9803, 0.9801, 0.9828, 0.9812, 0.9812, 0.9811, 0.9812, 0.9819, 0.9818, 0.9812, 0.9811]
0.44263694488849264
0.16647506382526137

1
[0.9306, 0.947, 0.9586, 0.9639, 0.9685, 0.9734, 0.9771, 0.9764, 0.9776, 0.9794, 0.9791, 0.9783, 0.9784, 0.9807, 0.9811, 0.9801, 0.9821, 0.9818, 0.9819, 0.9817, 0.9823, 0.9808, 0.9809, 0.9817, 0.9813, 0.9821, 0.9812, 0.9813, 0.9817, 0.981]
0.4944206411643673
0.15851547495536794

2
[0.9303, 0.9494, 0.9596, 0.9655, 0.9698, 0.9727, 0.9741, 0.9773, 0.9769, 0.979, 0.9792, 0.9808, 0.9801, 0.981, 0.9824, 0.9808, 0.9822, 0.9813, 0.9825, 0.9808, 0.9817, 0.9817, 0.9817, 0.982, 0.9807, 0.982, 0.9823, 0.9817, 0.9821, 0.9823]
0.5351937475049864
0.1525367711083335

3
[0.9285, 0.9464, 0.9572, 0.9619, 0.9678, 0.971, 0.973, 0.9747, 0.9763, 0.9772, 0.9767, 0.9777, 0.978, 0.9792, 0.9789, 0.9786, 0.981, 0.9817, 0.9809, 0.9819, 0.9808, 0.9815, 0.982, 0.9816, 0.9816, 0.9817, 0.9819, 0.981, 0.9811, 0.9816]
0.5505139855187079
0.15751699089307658

4
[0.9241, 0.9444, 0.9547, 0.9623, 0.9655, 0.9699, 0.9705, 0.9716, 0.973, 0.975, 0.9762, 0.9774, 0.9775, 0.9793, 0.979, 0.9793, 0.98, 0.9799, 0.9794, 0.979, 0.9788, 0.9809, 0.9805, 0.9804, 0.9799, 0.9812, 0.9808, 0.9804, 0.9809, 0.9816]
0.5680515146382088
0.15085828839522164

5
[0.9242, 0.9405, 0.9514, 0.9573, 0.9628, 0.966, 0.9685, 0.9695, 0.9726, 0.9741, 0.973, 0.9738, 0.9753, 0.9755, 0.9764, 0.9755, 0.9783, 0.9772, 0.9772, 0.9776, 0.9786, 0.9781, 0.9789, 0.9795, 0.9791, 0.9804, 0.9799, 0.9804, 0.9804, 0.9801]
0.5842528852715396
0.15095554989125598

6
[0.9187, 0.9357, 0.9464, 0.9528, 0.9551, 0.9612, 0.964, 0.9654, 0.9664, 0.9698, 0.9705, 0.9704, 0.9719, 0.9724, 0.972, 0.9732, 0.9744, 0.9752, 0.975, 0.9753, 0.9762, 0.9758, 0.9762, 0.9765, 0.9776, 0.9767, 0.977, 0.9772, 0.9782, 0.9784]
0.5879884248753086
0.15868501081099934

7
[0.9127, 0.9277, 0.9378, 0.9451, 0.9501, 0.9529, 0.9566, 0.9586, 0.9605, 0.9626, 0.9635, 0.965, 0.9656, 0.9679, 0.9679, 0.9688, 0.9694, 0.9687, 0.9698, 0.9711, 0.9699, 0.9713, 0.9712, 0.9716, 0.9709, 0.9716, 0.9718, 0.973, 0.9732, 0.9726]
0.6146560901919987
0.1396561330494827

8
[0.8998, 0.9176, 0.925, 0.9299, 0.9343, 0.9361, 0.941, 0.9431, 0.9422, 0.9436, 0.9463, 0.947, 0.9476, 0.9495, 0.9505, 0.951, 0.9502, 0.9523, 0.9522, 0.9522, 0.9524, 0.9526, 0.9534, 0.9553, 0.9537, 0.9555, 0.9556, 0.9556, 0.9573, 0.9581]
0.6018454420226156
0.12614623918852838

