0
[0.9277, 0.9492, 0.9542, 0.9654, 0.9666, 0.969, 0.9714, 0.9749, 0.9749, 0.9764, 0.9769, 0.9784, 0.9784, 0.979, 0.9794, 0.9789, 0.9799, 0.9806, 0.9804, 0.982, 0.9809, 0.9812, 0.9819, 0.9822, 0.981, 0.9823, 0.981, 0.9813, 0.981, 0.9826]
0.49693883444290565
0.15589081041288713

1
[0.9301, 0.9499, 0.9578, 0.9654, 0.9685, 0.973, 0.9751, 0.975, 0.977, 0.9767, 0.9773, 0.9785, 0.9784, 0.9786, 0.9796, 0.9809, 0.9799, 0.9798, 0.9801, 0.9789, 0.9794, 0.9809, 0.9801, 0.9814, 0.9815, 0.9815, 0.9819, 0.9819, 0.9818, 0.9815]
0.5329070930278317
0.14906258204236456

2
[0.9305, 0.9491, 0.9579, 0.9643, 0.968, 0.9708, 0.9718, 0.9732, 0.9743, 0.975, 0.9769, 0.9768, 0.9775, 0.9771, 0.9778, 0.9791, 0.9794, 0.9793, 0.9796, 0.9792, 0.98, 0.9797, 0.9803, 0.9803, 0.9809, 0.9812, 0.9816, 0.981, 0.9817, 0.981]
0.5631783289361993
0.16162361869337255

3
[0.9305, 0.9465, 0.9569, 0.9617, 0.9663, 0.9694, 0.9707, 0.9734, 0.9737, 0.9748, 0.976, 0.9767, 0.9771, 0.9772, 0.9772, 0.9783, 0.9798, 0.9792, 0.9782, 0.9807, 0.9807, 0.9799, 0.9798, 0.98, 0.9809, 0.9812, 0.9814, 0.9809, 0.9813, 0.9811]
0.5897389199020053
0.15865791161394638

4
[0.9203, 0.943, 0.954, 0.9594, 0.9638, 0.9653, 0.9683, 0.9703, 0.9718, 0.9735, 0.9724, 0.9759, 0.9747, 0.9754, 0.9757, 0.9766, 0.9775, 0.9784, 0.9784, 0.9789, 0.9792, 0.9788, 0.978, 0.9793, 0.9796, 0.9799, 0.9795, 0.9804, 0.9801, 0.9802]
0.6127674319429961
0.15772339179535919

5
[0.9213, 0.9436, 0.9497, 0.956, 0.9606, 0.9625, 0.9672, 0.9689, 0.9709, 0.9701, 0.9716, 0.9721, 0.973, 0.9745, 0.9745, 0.9749, 0.975, 0.9753, 0.9763, 0.9774, 0.9771, 0.9782, 0.9777, 0.9776, 0.9783, 0.9783, 0.9784, 0.9785, 0.9788, 0.9792]
0.6207932612481946
0.15096794982866177

6
[0.9179, 0.9354, 0.9434, 0.9521, 0.9539, 0.9577, 0.9613, 0.9622, 0.9633, 0.9647, 0.9663, 0.9688, 0.968, 0.9681, 0.9691, 0.9705, 0.9722, 0.9711, 0.9725, 0.9725, 0.9717, 0.9728, 0.9725, 0.9741, 0.9735, 0.9746, 0.9751, 0.9747, 0.9744, 0.9746]
0.6442046943720036
0.14896433512832413

7
[0.9146, 0.9292, 0.9368, 0.9436, 0.947, 0.9498, 0.9518, 0.9536, 0.9566, 0.9571, 0.958, 0.9588, 0.9607, 0.9609, 0.9619, 0.9633, 0.964, 0.9648, 0.9665, 0.965, 0.9668, 0.9664, 0.9671, 0.9679, 0.9679, 0.9689, 0.9696, 0.97, 0.9692, 0.9686]
0.6469646350707564
0.14445534252704761

8
[0.8987, 0.9129, 0.9181, 0.9244, 0.9264, 0.9308, 0.9336, 0.9356, 0.9362, 0.9378, 0.9386, 0.9404, 0.94, 0.943, 0.9432, 0.9439, 0.9444, 0.9448, 0.9462, 0.9465, 0.9476, 0.9475, 0.948, 0.9487, 0.9494, 0.948, 0.9491, 0.9486, 0.9493, 0.9483]
0.6695174980468721
0.12440859161373002

