0
[0.9336, 0.9469, 0.9585, 0.9605, 0.966, 0.9672, 0.9672, 0.9704, 0.9719, 0.9731, 0.9728, 0.9746, 0.9742, 0.9736, 0.9752, 0.9748, 0.9749, 0.9744, 0.9758, 0.9754, 0.9756, 0.9761, 0.9756, 0.9759, 0.9753, 0.9763, 0.9761, 0.9742, 0.974, 0.9764]
0.37611986847024226
0.17520003450865845

1
[0.9293, 0.9469, 0.9569, 0.963, 0.9643, 0.9717, 0.9705, 0.9751, 0.975, 0.9745, 0.9753, 0.977, 0.976, 0.978, 0.9789, 0.9789, 0.979, 0.9795, 0.9787, 0.9808, 0.979, 0.9787, 0.9806, 0.9808, 0.9797, 0.9807, 0.9809, 0.9805, 0.9809, 0.9803]
0.3537215708027812
0.17910624177087384

2
[0.9306, 0.9487, 0.9607, 0.9666, 0.9696, 0.9708, 0.9749, 0.9756, 0.9775, 0.9762, 0.9777, 0.9781, 0.9796, 0.9791, 0.9788, 0.9793, 0.9795, 0.9798, 0.9802, 0.9798, 0.9804, 0.9811, 0.9798, 0.9808, 0.9803, 0.9803, 0.9804, 0.9807, 0.9813, 0.9804]
0.43073994297171864
0.16955468480176736

3
[0.9254, 0.943, 0.9619, 0.9661, 0.9711, 0.973, 0.9742, 0.9745, 0.977, 0.9779, 0.979, 0.9787, 0.9789, 0.979, 0.9802, 0.9804, 0.9812, 0.9811, 0.9807, 0.9808, 0.9818, 0.9814, 0.9817, 0.9812, 0.9803, 0.982, 0.9814, 0.9817, 0.9824, 0.9815]
0.43491870646571185
0.15494143154049617

4
[0.9278, 0.9465, 0.9588, 0.9668, 0.9689, 0.9725, 0.9739, 0.9758, 0.9781, 0.9777, 0.9787, 0.9797, 0.9792, 0.9803, 0.9804, 0.9802, 0.9806, 0.9809, 0.9815, 0.9814, 0.9806, 0.9805, 0.9819, 0.9812, 0.981, 0.9813, 0.9823, 0.9809, 0.982, 0.9816]
0.4449516881753994
0.15410824043040963

5
[0.918, 0.9441, 0.9578, 0.9614, 0.9684, 0.971, 0.9728, 0.976, 0.9772, 0.9761, 0.9795, 0.9783, 0.9787, 0.9794, 0.9802, 0.9796, 0.9796, 0.98, 0.9807, 0.9794, 0.9818, 0.9821, 0.9793, 0.9812, 0.982, 0.9813, 0.9817, 0.9813, 0.9824, 0.981]
0.45315574888923865
0.15219037398123286

6
[0.9202, 0.9465, 0.9569, 0.9631, 0.9671, 0.9712, 0.9744, 0.9764, 0.9763, 0.9765, 0.9777, 0.9783, 0.9795, 0.9794, 0.9803, 0.9804, 0.9789, 0.9804, 0.9812, 0.9807, 0.9807, 0.981, 0.9801, 0.9816, 0.9806, 0.9809, 0.9809, 0.9816, 0.9819, 0.9815]
0.44520800159013196
0.14564023953370864

