0
[0.8982, 0.9176, 0.9246, 0.9312, 0.9387, 0.9417, 0.9447, 0.9477, 0.9472, 0.952, 0.9541, 0.9541, 0.9566, 0.9585, 0.9595, 0.961, 0.9613, 0.9621, 0.964, 0.9641, 0.9655, 0.9657, 0.9668, 0.9675, 0.968, 0.9676, 0.9687, 0.9674, 0.9683, 0.9696]
0.3488518776616272
0.1868821134647307

1
[0.8987, 0.9156, 0.9235, 0.9277, 0.9337, 0.9382, 0.9418, 0.9442, 0.9469, 0.9514, 0.9532, 0.9535, 0.9563, 0.9576, 0.9577, 0.9618, 0.9619, 0.9636, 0.9642, 0.9647, 0.9654, 0.9663, 0.9675, 0.9684, 0.9682, 0.9687, 0.9698, 0.9708, 0.97, 0.9713]
0.34470384143051336
0.18354166884015954

2
[0.8911, 0.9117, 0.9156, 0.9227, 0.9259, 0.9317, 0.9367, 0.9398, 0.9436, 0.9456, 0.9494, 0.9521, 0.954, 0.956, 0.9577, 0.9593, 0.9604, 0.9617, 0.9635, 0.9637, 0.9649, 0.9647, 0.967, 0.9677, 0.9673, 0.9684, 0.9692, 0.9702, 0.9705, 0.9711]
0.32703011932970255
0.16881401497194165

3
[0.8982, 0.9046, 0.9154, 0.9232, 0.9237, 0.9284, 0.9316, 0.9382, 0.9395, 0.9422, 0.9459, 0.948, 0.9485, 0.9525, 0.9527, 0.9548, 0.9566, 0.9587, 0.9602, 0.961, 0.9622, 0.9628, 0.9628, 0.9638, 0.9661, 0.9658, 0.9667, 0.9671, 0.968, 0.9683]
0.3165274286135014
0.15513015075132544

4
[0.8963, 0.9124, 0.9157, 0.9195, 0.9215, 0.9246, 0.9289, 0.9305, 0.9363, 0.9394, 0.9399, 0.9451, 0.948, 0.9488, 0.9525, 0.9534, 0.9567, 0.9574, 0.9584, 0.9606, 0.9628, 0.9618, 0.9643, 0.9651, 0.966, 0.9663, 0.9658, 0.9678, 0.9685, 0.9676]
0.3064588028609647
0.15090981752650584

5
[0.8947, 0.9112, 0.9102, 0.9161, 0.9183, 0.9213, 0.9261, 0.93, 0.9318, 0.9352, 0.9372, 0.9405, 0.9449, 0.9468, 0.9501, 0.948, 0.9552, 0.9558, 0.9586, 0.9596, 0.9597, 0.962, 0.9623, 0.9632, 0.963, 0.9646, 0.9639, 0.9663, 0.9686, 0.968]
0.2948354705115811
0.14355072781070918

6
[0.8967, 0.9054, 0.9116, 0.919, 0.9209, 0.9171, 0.9249, 0.924, 0.9302, 0.9301, 0.9351, 0.9415, 0.9396, 0.944, 0.9469, 0.9495, 0.9538, 0.9534, 0.9554, 0.9576, 0.9598, 0.9571, 0.9608, 0.9612, 0.9635, 0.963, 0.9645, 0.9657, 0.9655, 0.9664]
0.2886021902735811
0.13328177129453386

