0
[0.9553, 0.9636, 0.9655, 0.968, 0.9691, 0.9702, 0.9713, 0.9714, 0.9715, 0.9723, 0.9728, 0.9731, 0.9731, 0.9746, 0.9734, 0.9733, 0.974, 0.9743, 0.9737, 0.9742, 0.9743, 0.9749, 0.9753, 0.9744, 0.9743, 0.9737, 0.9748, 0.9749, 0.974, 0.9744]
0.5253035011041852
0.18744176768337398

1
[0.9592, 0.9674, 0.9715, 0.9739, 0.9741, 0.9745, 0.9751, 0.9768, 0.9773, 0.9759, 0.9766, 0.9768, 0.9785, 0.9786, 0.9777, 0.9789, 0.9788, 0.9784, 0.9784, 0.9791, 0.9791, 0.9791, 0.979, 0.9795, 0.9788, 0.9792, 0.9795, 0.9795, 0.9796, 0.9799]
0.6131620061971033
0.18886653200754594

2
[0.9621, 0.9692, 0.9703, 0.9727, 0.9754, 0.9761, 0.9746, 0.9762, 0.9764, 0.9778, 0.9777, 0.9775, 0.9781, 0.9781, 0.9784, 0.9786, 0.9791, 0.9786, 0.9786, 0.9785, 0.9787, 0.9786, 0.9789, 0.9792, 0.9786, 0.9788, 0.979, 0.9786, 0.9791, 0.9792]
0.6868922075309116
0.18277358926300652

3
[0.9621, 0.9693, 0.9722, 0.974, 0.9748, 0.9772, 0.9776, 0.9792, 0.9781, 0.9796, 0.9788, 0.9795, 0.9792, 0.9795, 0.9807, 0.9802, 0.9802, 0.9799, 0.9797, 0.9804, 0.9804, 0.9799, 0.9802, 0.9805, 0.9803, 0.9802, 0.9801, 0.9803, 0.98, 0.9801]
0.7269676465999434
0.17641597707941536

4
[0.9637, 0.9718, 0.9751, 0.9766, 0.9785, 0.9788, 0.9794, 0.981, 0.98, 0.9807, 0.9806, 0.9811, 0.981, 0.9813, 0.9813, 0.9817, 0.9814, 0.9812, 0.9815, 0.9815, 0.9816, 0.9814, 0.9812, 0.9818, 0.9819, 0.9813, 0.9817, 0.9817, 0.9816, 0.9819]
0.7250635033790198
0.182679212257644

5
[0.9589, 0.9683, 0.9706, 0.9736, 0.9758, 0.9784, 0.9785, 0.9791, 0.9795, 0.9803, 0.9807, 0.9808, 0.9812, 0.981, 0.9804, 0.9818, 0.9818, 0.9814, 0.9821, 0.9817, 0.9827, 0.9816, 0.982, 0.9824, 0.9823, 0.9829, 0.9826, 0.9829, 0.9827, 0.9832]
0.7627098763158275
0.17741889862036037

6
[0.9615, 0.9688, 0.9718, 0.9744, 0.9746, 0.9755, 0.9763, 0.9772, 0.9775, 0.9776, 0.9777, 0.9788, 0.978, 0.9783, 0.9785, 0.9779, 0.9789, 0.9797, 0.9794, 0.9786, 0.9787, 0.9792, 0.9789, 0.979, 0.9796, 0.9795, 0.9797, 0.9794, 0.9796, 0.9797]
0.795966692054134
0.15696641238779388

