0
[0.8975, 0.911, 0.9203, 0.925, 0.9237, 0.9326, 0.9337, 0.9402, 0.9415, 0.9454, 0.9475, 0.9506, 0.9532, 0.9559, 0.9575, 0.9581, 0.9612, 0.9614, 0.9619, 0.9636, 0.9643, 0.9646, 0.967, 0.9662, 0.969, 0.9692, 0.9696, 0.9691, 0.9697, 0.9708]
0.3141479455967484
0.16020561523191715

1
[0.8977, 0.9109, 0.9165, 0.9193, 0.9277, 0.9296, 0.9321, 0.9354, 0.9415, 0.9447, 0.9469, 0.9497, 0.9513, 0.954, 0.9561, 0.9572, 0.9592, 0.9603, 0.9608, 0.9626, 0.963, 0.9647, 0.9655, 0.9653, 0.966, 0.9669, 0.9685, 0.9682, 0.9675, 0.97]
0.33459657453791675
0.15666894888677743

2
[0.899, 0.9118, 0.9189, 0.9238, 0.9261, 0.9298, 0.9337, 0.9368, 0.9397, 0.9429, 0.9453, 0.9479, 0.9504, 0.9515, 0.9552, 0.9545, 0.9571, 0.9571, 0.9595, 0.9604, 0.9619, 0.9614, 0.963, 0.9638, 0.9635, 0.9651, 0.966, 0.9652, 0.9667, 0.9674]
0.29522540115972246
0.15471200449761827

3
[0.8908, 0.9114, 0.9163, 0.9214, 0.9221, 0.9273, 0.9296, 0.9302, 0.9346, 0.9364, 0.9398, 0.9408, 0.9426, 0.9425, 0.9436, 0.9471, 0.9453, 0.9494, 0.9491, 0.9508, 0.95, 0.9508, 0.9515, 0.9543, 0.954, 0.9543, 0.9544, 0.9535, 0.9558, 0.955]
0.26440807072751366
0.13914652782817752

4
[0.8913, 0.8997, 0.9091, 0.9108, 0.9115, 0.9109, 0.9122, 0.9129, 0.9132, 0.9109, 0.9168, 0.9138, 0.9172, 0.9136, 0.9137, 0.9172, 0.91, 0.9208, 0.9185, 0.9209, 0.9191, 0.9183, 0.921, 0.9166, 0.9214, 0.9221, 0.9229, 0.9216, 0.9213, 0.9226]
0.2181731332127026
0.10624023170236915

5
[0.8584, 0.8895, 0.8814, 0.8773, 0.8912, 0.885, 0.8793, 0.8918, 0.8871, 0.8893, 0.8846, 0.8837, 0.8971, 0.8842, 0.8926, 0.8923, 0.8902, 0.8907, 0.8931, 0.8808, 0.8928, 0.8952, 0.8887, 0.8877, 0.8918, 0.8903, 0.8848, 0.8897, 0.8882, 0.8887]
0.18516835123080608
0.08274492222058928

6
[0.763, 0.7312, 0.7887, 0.669, 0.7531, 0.7255, 0.7111, 0.7327, 0.7483, 0.7463, 0.7153, 0.7426, 0.7639, 0.736, 0.7685, 0.7887, 0.7016, 0.7373, 0.7896, 0.7721, 0.7127, 0.7252, 0.7925, 0.6946, 0.7712, 0.7378, 0.7127, 0.7603, 0.7594, 0.6797]
0.1407802870598882
0.04815325809418183

7
[0.101, 0.101, 0.1032, 0.0958, 0.1028, 0.1135, 0.1135, 0.101, 0.1135, 0.0982, 0.1028, 0.1009, 0.098, 0.101, 0.0982, 0.0958, 0.1028, 0.1135, 0.0958, 0.1032, 0.0892, 0.0982, 0.1135, 0.1135, 0.101, 0.101, 0.098, 0.0892, 0.0982, 0.0958]
0.004389954075694803
0

8
[0.0958, 0.101, 0.0958, 0.101, 0.098, 0.1028, 0.1028, 0.0958, 0.0958, 0.0982, 0.101, 0.0892, 0.0982, 0.1135, 0.0982, 0.098, 0.1135, 0.1135, 0.098, 0.1135, 0.1135, 0.1135, 0.0974, 0.1028, 0.1135, 0.0958, 0.1028, 0.101, 0.1009, 0.0892]
0.0011069721671327563
0

9
[0.1009, 0.1032, 0.1135, 0.101, 0.1032, 0.0982, 0.1009, 0.101, 0.1135, 0.101, 0.101, 0.098, 0.0974, 0.0982, 0.0892, 0.1009, 0.1032, 0.101, 0.1032, 0.0974, 0.1032, 0.101, 0.098, 0.1009, 0.0958, 0.101, 0.1028, 0.1032, 0.098, 0.1135]
0.000353778353133393
0

10
[0.1135, 0.0974, 0.1135, 0.101, 0.0892, 0.1009, 0.1135, 0.1032, 0.1135, 0.1032, 0.1028, 0.101, 0.0958, 0.1032, 0.1028, 0.1135, 0.1009, 0.0982, 0.098, 0.0982, 0.0958, 0.0982, 0.0958, 0.0958, 0.1032, 0.101, 0.0974, 0.0982, 0.1028, 0.0982]
8.378939869478181e-05
0

