0
[0.93, 0.9491, 0.9588, 0.9662, 0.9711, 0.9727, 0.9733, 0.9777, 0.9764, 0.9782, 0.9781, 0.9787, 0.979, 0.9806, 0.9791, 0.9795, 0.9797, 0.9793, 0.9808, 0.9787, 0.9789, 0.9807, 0.9793, 0.9801, 0.9807, 0.98, 0.9807, 0.9804, 0.9798, 0.9784]
0.3678477073767529
0.17291115005537105

1
[0.9334, 0.952, 0.9623, 0.968, 0.9725, 0.9729, 0.9753, 0.9775, 0.9779, 0.9782, 0.9791, 0.98, 0.9781, 0.9795, 0.9791, 0.9805, 0.9782, 0.9807, 0.979, 0.9782, 0.98, 0.98, 0.9801, 0.9786, 0.9806, 0.9787, 0.9808, 0.98, 0.9805, 0.9798]
0.38208031773726076
0.1720552757963377

2
[0.9328, 0.9507, 0.9599, 0.9674, 0.9698, 0.9718, 0.9744, 0.9739, 0.9779, 0.9784, 0.9774, 0.9783, 0.9778, 0.9811, 0.9787, 0.98, 0.9798, 0.9782, 0.9792, 0.9794, 0.9814, 0.9795, 0.98, 0.9796, 0.9798, 0.9773, 0.9803, 0.9805, 0.9789, 0.981]
0.3735032825166671
0.16947543464138246

3
[0.9351, 0.9523, 0.9621, 0.9679, 0.9715, 0.9753, 0.977, 0.9768, 0.9778, 0.9796, 0.9803, 0.9799, 0.9791, 0.9795, 0.9802, 0.981, 0.9813, 0.9797, 0.9804, 0.9806, 0.9802, 0.9808, 0.9798, 0.9804, 0.98, 0.9806, 0.9774, 0.9808, 0.9807, 0.9801]
0.37005536194659394
0.16891693343815525

4
[0.9317, 0.9531, 0.9621, 0.9672, 0.9703, 0.9738, 0.9759, 0.9766, 0.9799, 0.9795, 0.9796, 0.9805, 0.9798, 0.9786, 0.9826, 0.9815, 0.98, 0.9815, 0.98, 0.9808, 0.9813, 0.982, 0.98, 0.9807, 0.9749, 0.981, 0.9816, 0.98, 0.9801, 0.9824]
0.37314381626621196
0.1634747960981249

5
[0.9321, 0.9472, 0.9621, 0.9677, 0.9721, 0.9739, 0.9766, 0.9782, 0.9775, 0.9796, 0.979, 0.9796, 0.9811, 0.981, 0.9805, 0.9812, 0.9793, 0.9808, 0.9774, 0.9823, 0.9808, 0.9802, 0.9811, 0.9801, 0.979, 0.9792, 0.982, 0.979, 0.9806, 0.9816]
0.36971675293624684
0.17001077651992555

6
[0.9329, 0.9505, 0.961, 0.9672, 0.971, 0.9735, 0.9765, 0.9766, 0.978, 0.9797, 0.9793, 0.9816, 0.9787, 0.9807, 0.9802, 0.9818, 0.9814, 0.9813, 0.9798, 0.9821, 0.9804, 0.9819, 0.9802, 0.9814, 0.981, 0.9806, 0.9814, 0.982, 0.9821, 0.9821]
0.3709402041406193
0.1724561845362265

7
[0.9316, 0.9517, 0.9601, 0.965, 0.9711, 0.9728, 0.9755, 0.9767, 0.9768, 0.9785, 0.9787, 0.9791, 0.9793, 0.9795, 0.9806, 0.9801, 0.9804, 0.979, 0.9814, 0.9804, 0.981, 0.981, 0.9782, 0.9817, 0.9806, 0.9802, 0.9809, 0.9802, 0.9812, 0.9816]
0.3687035883340065
0.16937613524446768

8
[0.9312, 0.95, 0.9604, 0.9685, 0.9706, 0.9705, 0.9748, 0.9759, 0.9785, 0.979, 0.9802, 0.9787, 0.9805, 0.9812, 0.9802, 0.9806, 0.9798, 0.9792, 0.9812, 0.9809, 0.9808, 0.9815, 0.9808, 0.9808, 0.9813, 0.9813, 0.9805, 0.9808, 0.9795, 0.9816]
0.36562730878090577
0.18139057963506025

9
[0.9333, 0.9538, 0.961, 0.9686, 0.9699, 0.9742, 0.9746, 0.9776, 0.9776, 0.9797, 0.9782, 0.9792, 0.98, 0.9802, 0.9808, 0.9811, 0.9798, 0.9799, 0.9804, 0.9806, 0.9802, 0.9795, 0.9803, 0.9802, 0.9799, 0.9803, 0.9802, 0.9809, 0.9816, 0.981]
0.3976882346476528
0.17726073622001606

10
[0.9249, 0.9476, 0.9574, 0.9643, 0.9681, 0.9698, 0.971, 0.9743, 0.9772, 0.977, 0.9761, 0.9782, 0.9778, 0.976, 0.978, 0.9786, 0.9785, 0.9781, 0.9769, 0.9785, 0.9771, 0.9778, 0.9782, 0.9785, 0.9787, 0.9783, 0.9791, 0.979, 0.9788, 0.9777]
0.40506764971506626
0.23958551177036636

