0
[0.92, 0.9346, 0.9452, 0.9511, 0.9604, 0.9633, 0.966, 0.9687, 0.9708, 0.9721, 0.9728, 0.9725, 0.9737, 0.9754, 0.9755, 0.9762, 0.9768, 0.9768, 0.9768, 0.9776, 0.9766, 0.9793, 0.979, 0.9791, 0.9797, 0.9791, 0.9796, 0.9795, 0.9798, 0.979]
0.32538553057227704
0.20736523853694072

1
[0.9219, 0.9365, 0.9471, 0.9525, 0.9594, 0.9639, 0.9652, 0.9703, 0.9686, 0.9717, 0.9729, 0.9729, 0.9743, 0.9753, 0.977, 0.9759, 0.9763, 0.9789, 0.9771, 0.9775, 0.9783, 0.9795, 0.9785, 0.9791, 0.9786, 0.9789, 0.9797, 0.9798, 0.9801, 0.9794]
0.2957938401792709
0.2098907734279308

2
[0.9222, 0.9371, 0.9478, 0.9545, 0.9616, 0.9652, 0.9627, 0.9702, 0.9708, 0.9704, 0.9733, 0.9732, 0.9758, 0.9756, 0.9764, 0.9774, 0.9764, 0.979, 0.978, 0.9794, 0.978, 0.9791, 0.9783, 0.978, 0.9787, 0.9797, 0.9802, 0.9801, 0.9797, 0.9806]
0.2925926142568357
0.213070659496437

3
[0.9199, 0.9369, 0.9475, 0.9555, 0.9607, 0.9657, 0.9668, 0.9673, 0.9711, 0.972, 0.9735, 0.9741, 0.9733, 0.9768, 0.9764, 0.9774, 0.9781, 0.9788, 0.9775, 0.9793, 0.9796, 0.9792, 0.9794, 0.9792, 0.9794, 0.9788, 0.9789, 0.9798, 0.9789, 0.9802]
0.2990244997122229
0.20737907456246304

4
[0.9217, 0.9367, 0.9514, 0.9581, 0.9606, 0.9669, 0.9661, 0.9712, 0.9702, 0.9734, 0.9737, 0.9747, 0.9749, 0.9768, 0.9763, 0.977, 0.9777, 0.9791, 0.9789, 0.9798, 0.9788, 0.98, 0.9795, 0.9815, 0.9813, 0.9795, 0.9787, 0.9814, 0.9816, 0.9814]
0.3187995606582873
0.2065107290663925

5
[0.9217, 0.9359, 0.9489, 0.9558, 0.9625, 0.9654, 0.9688, 0.9699, 0.9701, 0.9747, 0.9742, 0.9752, 0.9763, 0.9783, 0.9771, 0.9783, 0.977, 0.9775, 0.9801, 0.9787, 0.9795, 0.9789, 0.9801, 0.9808, 0.9806, 0.9795, 0.9802, 0.981, 0.9798, 0.9796]
0.3054916782366132
0.19855869961262052

6
[0.924, 0.9399, 0.95, 0.9578, 0.9635, 0.9677, 0.9692, 0.9717, 0.9723, 0.9744, 0.9763, 0.9763, 0.9771, 0.9777, 0.978, 0.9788, 0.9804, 0.9809, 0.978, 0.9808, 0.9788, 0.9794, 0.9806, 0.9798, 0.981, 0.9807, 0.9822, 0.9809, 0.9817, 0.9814]
0.34724519336903703
0.1973508746288204

7
[0.9211, 0.9391, 0.9533, 0.9606, 0.9636, 0.9672, 0.9709, 0.9716, 0.9735, 0.9758, 0.9763, 0.9763, 0.9778, 0.9778, 0.9785, 0.9785, 0.9788, 0.9794, 0.9802, 0.9803, 0.9802, 0.98, 0.9802, 0.9798, 0.9796, 0.9809, 0.9814, 0.9814, 0.9812, 0.9818]
0.3516578968761497
0.18679359396850606

8
[0.9252, 0.9455, 0.957, 0.9614, 0.9656, 0.9698, 0.973, 0.9753, 0.9758, 0.9774, 0.9758, 0.9762, 0.9782, 0.9795, 0.9788, 0.9804, 0.9799, 0.9802, 0.9811, 0.9808, 0.9796, 0.9806, 0.9808, 0.981, 0.9814, 0.9821, 0.9812, 0.9805, 0.98, 0.9811]
0.36361793229414213
0.1779797664676398

9
[0.9322, 0.9413, 0.9586, 0.9652, 0.97, 0.9714, 0.9748, 0.9737, 0.9768, 0.9757, 0.9775, 0.979, 0.9778, 0.9788, 0.9803, 0.9796, 0.9789, 0.9803, 0.9799, 0.9793, 0.9791, 0.9811, 0.9804, 0.9808, 0.9809, 0.9814, 0.9813, 0.9812, 0.9813, 0.9805]
0.40188000738159935
0.16566182619098682

10
[0.9443, 0.958, 0.9678, 0.9709, 0.9734, 0.9738, 0.9752, 0.9744, 0.9765, 0.9777, 0.977, 0.9772, 0.977, 0.9786, 0.9769, 0.9772, 0.9784, 0.9785, 0.9783, 0.9784, 0.9789, 0.9791, 0.9785, 0.9783, 0.9788, 0.978, 0.9782, 0.9787, 0.9785, 0.9781]
0.5663960144088669
0.15162601839281234

