0
[0.1103, 0.1388, 0.2024, 0.2649, 0.3042, 0.329, 0.3447, 0.3568, 0.3683, 0.3744, 0.3797, 0.3847, 0.3887, 0.3925, 0.3987, 0.403, 0.4085, 0.4125, 0.4176, 0.4215, 0.4254, 0.43, 0.4329, 0.4375, 0.4409, 0.4455, 0.4486, 0.4512, 0.4552, 0.46]
0.0398359279523026
0.01453447750092088

1
[0.1984, 0.4002, 0.5839, 0.6331, 0.6557, 0.6669, 0.6738, 0.6776, 0.6809, 0.6835, 0.6848, 0.6878, 0.6904, 0.6922, 0.6947, 0.6968, 0.6981, 0.7002, 0.7008, 0.7028, 0.7044, 0.706, 0.7087, 0.7097, 0.7107, 0.7126, 0.7136, 0.7147, 0.7158, 0.7165]
0.08964068286074822
0.02579428954623502

2
[0.7043, 0.7289, 0.7434, 0.7528, 0.76, 0.7665, 0.7719, 0.7763, 0.7797, 0.7832, 0.7874, 0.7899, 0.7935, 0.7965, 0.8, 0.8023, 0.8051, 0.8065, 0.8086, 0.81, 0.8124, 0.8148, 0.8173, 0.8188, 0.8198, 0.8206, 0.8219, 0.8236, 0.8244, 0.8256]
0.21323167078976152
0.05886453831016201

3
[0.7914, 0.8165, 0.833, 0.8445, 0.8526, 0.8586, 0.865, 0.8676, 0.8701, 0.8728, 0.8755, 0.8786, 0.8813, 0.8833, 0.8856, 0.8874, 0.8882, 0.8892, 0.8906, 0.8921, 0.8929, 0.8941, 0.8943, 0.8949, 0.8966, 0.8969, 0.8979, 0.8984, 0.899, 0.8993]
0.27828052401996783
0.08680054668234716

4
[0.8855, 0.8992, 0.9043, 0.9101, 0.9118, 0.9152, 0.9162, 0.9174, 0.9191, 0.92, 0.9215, 0.9219, 0.9224, 0.923, 0.9248, 0.9254, 0.9257, 0.9264, 0.9268, 0.9272, 0.928, 0.928, 0.929, 0.9298, 0.9301, 0.9305, 0.9313, 0.9318, 0.9322, 0.9326]
0.3066073551695825
0.1265934427551766

5
[0.9233, 0.9312, 0.9355, 0.9403, 0.943, 0.945, 0.9481, 0.9498, 0.9511, 0.953, 0.953, 0.9541, 0.9559, 0.9562, 0.9564, 0.957, 0.9577, 0.9592, 0.9598, 0.96, 0.9611, 0.962, 0.962, 0.9627, 0.9634, 0.9627, 0.9634, 0.9633, 0.9644, 0.9649]
0.35478835194012065
0.16868064800078386

6
[0.9589, 0.9657, 0.97, 0.9727, 0.9737, 0.9757, 0.9761, 0.977, 0.9779, 0.9776, 0.9789, 0.979, 0.9805, 0.9801, 0.98, 0.9801, 0.9815, 0.9809, 0.9817, 0.9816, 0.9811, 0.9814, 0.9813, 0.9821, 0.982, 0.9811, 0.9818, 0.9816, 0.9821, 0.9816]
0.5190714679254544
0.16324804614996136

7
[0.9516, 0.9623, 0.967, 0.9692, 0.972, 0.9729, 0.9723, 0.974, 0.9746, 0.9744, 0.9741, 0.9762, 0.9759, 0.9759, 0.9762, 0.9758, 0.9763, 0.9768, 0.9761, 0.9768, 0.9772, 0.9771, 0.9767, 0.977, 0.9773, 0.9767, 0.9773, 0.9769, 0.9778, 0.9774]
0.7235626377843205
0.16601419696941955

8
[0.9355, 0.9446, 0.9512, 0.956, 0.9521, 0.9552, 0.9579, 0.9627, 0.9647, 0.9632, 0.9644, 0.9633, 0.9663, 0.9655, 0.9672, 0.9664, 0.966, 0.9659, 0.9671, 0.9678, 0.9674, 0.9672, 0.9677, 0.9677, 0.9679, 0.9672, 0.9663, 0.9665, 0.9663, 0.9665]
0.7213649543173327
0.32853560912638013

9
[0.8727, 0.9017, 0.9113, 0.9229, 0.9241, 0.9267, 0.9278, 0.937, 0.9381, 0.939, 0.9425, 0.9464, 0.9438, 0.9457, 0.9522, 0.9503, 0.9502, 0.9469, 0.9518, 0.9519, 0.9539, 0.9542, 0.955, 0.9521, 0.9536, 0.9545, 0.9528, 0.9539, 0.9548, 0.9567]
0.8394429916435525
0.28700328797268465

10
[0.7948, 0.7867, 0.7387, 0.8173, 0.8711, 0.8586, 0.8768, 0.876, 0.8702, 0.8868, 0.7624, 0.8944, 0.8899, 0.8339, 0.8935, 0.8812, 0.8881, 0.9009, 0.9026, 0.8862, 0.8739, 0.8884, 0.917, 0.9019, 0.918, 0.9153, 0.9151, 0.9108, 0.9295, 0.9121]
-1
-1

