0
[0.0799, 0.08, 0.081, 0.0824, 0.0831, 0.0834, 0.0838, 0.084, 0.0851, 0.0859, 0.0869, 0.0873, 0.0874, 0.0877, 0.0886, 0.0893, 0.0899, 0.0906, 0.0919, 0.092, 0.0921, 0.0928, 0.0937, 0.0953, 0.0962, 0.0967, 0.0979, 0.0996, 0.1011, 0.1016]
0.029920824483668652
0.011175631289007112

1
[0.0982, 0.0982, 0.0982, 0.0982, 0.0982, 0.0983, 0.0984, 0.0989, 0.0996, 0.1001, 0.1006, 0.1016, 0.105, 0.1098, 0.1151, 0.1228, 0.1315, 0.1422, 0.1533, 0.1642, 0.1786, 0.1892, 0.1986, 0.2085, 0.2174, 0.2264, 0.2348, 0.2413, 0.2473, 0.2537]
0.03046706846178009
0.011900280731635881

2
[0.098, 0.098, 0.098, 0.098, 0.098, 0.098, 0.1006, 0.1717, 0.2492, 0.2844, 0.3028, 0.3153, 0.3278, 0.338, 0.3495, 0.3616, 0.375, 0.3874, 0.3974, 0.4087, 0.4197, 0.4302, 0.4396, 0.4486, 0.4593, 0.4686, 0.4775, 0.4884, 0.4982, 0.5062]
0.04317893718275562
0.01619138137320755

3
[0.1591, 0.226, 0.3028, 0.3714, 0.4196, 0.4531, 0.4802, 0.5075, 0.5299, 0.5518, 0.5706, 0.5843, 0.5995, 0.6115, 0.6268, 0.6352, 0.6441, 0.6522, 0.6582, 0.6658, 0.6694, 0.6748, 0.6792, 0.6857, 0.6933, 0.6983, 0.703, 0.7066, 0.709, 0.7129]
0.11472607529534781
0.03784762639694103

4
[0.4665, 0.6153, 0.6797, 0.681, 0.7016, 0.7149, 0.7284, 0.736, 0.7422, 0.7553, 0.7635, 0.7723, 0.78, 0.7872, 0.7944, 0.7968, 0.8064, 0.8112, 0.8168, 0.8204, 0.8243, 0.8298, 0.8339, 0.838, 0.8438, 0.8469, 0.8499, 0.8531, 0.8563, 0.8582]
0.20893355011385525
0.06435427840686293

5
[0.6448, 0.7209, 0.7614, 0.7961, 0.8182, 0.8358, 0.8511, 0.8589, 0.8686, 0.8748, 0.8796, 0.8841, 0.8872, 0.8895, 0.8919, 0.8942, 0.8965, 0.8978, 0.8989, 0.9001, 0.9009, 0.9021, 0.9023, 0.9033, 0.9046, 0.9057, 0.9062, 0.9076, 0.9083, 0.9096]
0.23639389857815235
0.09046648282640803

6
[0.7987, 0.86, 0.8813, 0.8935, 0.8986, 0.9028, 0.9066, 0.9096, 0.9122, 0.9154, 0.9173, 0.918, 0.9196, 0.9208, 0.9221, 0.9235, 0.9245, 0.9261, 0.9267, 0.9274, 0.9282, 0.9297, 0.9302, 0.9316, 0.933, 0.9346, 0.9344, 0.9352, 0.9348, 0.9376]
0.25240237377303687
0.13065947352524138

7
[0.8914, 0.9091, 0.9197, 0.9245, 0.9275, 0.931, 0.9358, 0.9398, 0.943, 0.9429, 0.9467, 0.9497, 0.9521, 0.9533, 0.9541, 0.9572, 0.9597, 0.9611, 0.9607, 0.963, 0.9643, 0.9652, 0.9659, 0.966, 0.9668, 0.9676, 0.9688, 0.9695, 0.9689, 0.9689]
0.2794081684519076
0.17310978430744373

8
[0.9205, 0.9375, 0.9466, 0.9569, 0.9609, 0.9625, 0.967, 0.9686, 0.9715, 0.9725, 0.9736, 0.9761, 0.9753, 0.9782, 0.9777, 0.9779, 0.9786, 0.9781, 0.9798, 0.9796, 0.9804, 0.9814, 0.9807, 0.982, 0.9806, 0.9817, 0.9812, 0.9826, 0.983, 0.9817]
0.3697536280691663
0.18034812519728427

9
[0.9505, 0.9666, 0.9736, 0.9771, 0.9771, 0.9798, 0.9802, 0.9814, 0.981, 0.9814, 0.9814, 0.9825, 0.9821, 0.982, 0.9817, 0.9823, 0.9824, 0.9826, 0.9819, 0.9826, 0.9829, 0.9829, 0.9827, 0.983, 0.9829, 0.9831, 0.983, 0.9826, 0.9828, 0.983]
0.5155289895687379
0.15729215274694652

10
[0.9672, 0.9704, 0.974, 0.9757, 0.9754, 0.9758, 0.9785, 0.9777, 0.9806, 0.9804, 0.9785, 0.9796, 0.9827, 0.9818, 0.9818, 0.9815, 0.9818, 0.9815, 0.9818, 0.9818, 0.9814, 0.9817, 0.982, 0.9817, 0.982, 0.9819, 0.982, 0.9817, 0.9818, 0.982]
0.6568011201367641
0.16435870601413452

