0
[0.9335, 0.9515, 0.9613, 0.967, 0.9713, 0.9726, 0.9736, 0.9766, 0.978, 0.9776, 0.98, 0.977, 0.9811, 0.9806, 0.9781, 0.9792, 0.9813, 0.9807, 0.9829, 0.9802, 0.981, 0.979, 0.9815, 0.9822, 0.981, 0.9792, 0.9815, 0.98, 0.9827, 0.982]
0.37254896951460936
0.17418884755729883

1
[0.9332, 0.9498, 0.9603, 0.9671, 0.9699, 0.9728, 0.9716, 0.9748, 0.9758, 0.979, 0.9769, 0.9793, 0.9794, 0.9781, 0.9789, 0.976, 0.9806, 0.9766, 0.9785, 0.9807, 0.9802, 0.9816, 0.9809, 0.9801, 0.9806, 0.9809, 0.981, 0.98, 0.9822, 0.9816]
0.34782364975344404
0.1725284216701108

2
[0.9308, 0.9442, 0.953, 0.9609, 0.9638, 0.9649, 0.969, 0.9704, 0.9706, 0.9725, 0.9736, 0.9727, 0.9727, 0.9743, 0.9721, 0.9736, 0.9753, 0.9728, 0.9743, 0.976, 0.9757, 0.9758, 0.9756, 0.9755, 0.9764, 0.9766, 0.977, 0.9782, 0.9772, 0.9772]
0.30148966842135777
0.18551116999281805

3
[0.9203, 0.9269, 0.9395, 0.9402, 0.9492, 0.9505, 0.9518, 0.9492, 0.9527, 0.9537, 0.9565, 0.9571, 0.9578, 0.959, 0.9565, 0.9561, 0.9582, 0.9613, 0.9563, 0.9588, 0.9561, 0.9598, 0.9586, 0.9596, 0.959, 0.9607, 0.9622, 0.9603, 0.9603, 0.9583]
0.23581933402654104
0.18088810083084222

4
[0.9082, 0.9125, 0.9072, 0.9118, 0.9145, 0.9173, 0.9145, 0.9162, 0.9138, 0.9132, 0.9176, 0.9163, 0.9191, 0.9174, 0.9195, 0.9195, 0.9206, 0.9216, 0.9157, 0.916, 0.9246, 0.9196, 0.9204, 0.9233, 0.92, 0.9215, 0.9151, 0.9207, 0.9188, 0.9237]
0.21269043284504124
0.11371941977766395

5
[0.8833, 0.8814, 0.8817, 0.8897, 0.8881, 0.8878, 0.8896, 0.8873, 0.884, 0.8882, 0.8882, 0.8874, 0.8833, 0.8923, 0.8804, 0.8855, 0.8751, 0.8783, 0.8803, 0.8878, 0.8797, 0.888, 0.8837, 0.8748, 0.8879, 0.8755, 0.8722, 0.8768, 0.8789, 0.8882]
0.1744475975601252
0.08159584718276403

6
[0.7439, 0.7445, 0.7505, 0.754, 0.7717, 0.7402, 0.7351, 0.7883, 0.7802, 0.7632, 0.7477, 0.7627, 0.7924, 0.7398, 0.7389, 0.74, 0.7274, 0.7583, 0.7454, 0.7859, 0.7669, 0.7975, 0.7184, 0.7479, 0.7844, 0.7673, 0.7656, 0.7831, 0.7954, 0.7659]
0.1331063019807483
0.04525385044720715

7
[0.101, 0.1028, 0.1032, 0.1135, 0.0958, 0.0982, 0.1135, 0.101, 0.1009, 0.0982, 0.1135, 0.1135, 0.1135, 0.1028, 0.1135, 0.1009, 0.101, 0.0892, 0.1028, 0.0974, 0.098, 0.101, 0.101, 0.101, 0.101, 0.1028, 0.1009, 0.0982, 0.0958, 0.1135]
0.0061969466020200615
0

8
[0.1028, 0.1028, 0.1135, 0.0982, 0.1135, 0.1032, 0.101, 0.0958, 0.1135, 0.101, 0.1028, 0.1009, 0.0982, 0.0974, 0.101, 0.0958, 0.0974, 0.1135, 0.1032, 0.0892, 0.098, 0.101, 0.1032, 0.101, 0.0974, 0.1009, 0.1009, 0.1135, 0.1135, 0.1135]
0.0009193799255512603
0

9
[0.1135, 0.1009, 0.1009, 0.098, 0.1135, 0.0974, 0.098, 0.0958, 0.1028, 0.098, 0.101, 0.1009, 0.1135, 0.1135, 0.1032, 0.1135, 0.098, 0.1028, 0.1009, 0.1009, 0.098, 0.098, 0.101, 0.1009, 0.098, 0.0958, 0.0958, 0.0958, 0.0958, 0.0974]
0.0002702094248621612
0

10
[0.1028, 0.1032, 0.1009, 0.1009, 0.1028, 0.1028, 0.0958, 0.0958, 0.0958, 0.0958, 0.1032, 0.098, 0.1028, 0.1135, 0.0892, 0.1032, 0.1009, 0.1135, 0.098, 0.098, 0.1135, 0.1135, 0.1135, 0.1135, 0.0892, 0.101, 0.098, 0.0974, 0.0958, 0.0982]
0.00014301019164617357
0

