0
[0.0974, 0.0975, 0.098, 0.0976, 0.0966, 0.096, 0.0973, 0.0984, 0.1006, 0.1027, 0.1071, 0.1087, 0.1122, 0.1141, 0.1184, 0.1181, 0.1213, 0.1216, 0.1205, 0.1143, 0.1082, 0.1041, 0.0997, 0.1025, 0.1085, 0.1143, 0.1189, 0.1268, 0.1316, 0.1318]
0.02979703811815038
0.011651478036640104

1
[0.1028, 0.1027, 0.1032, 0.1231, 0.1918, 0.1709, 0.1469, 0.1326, 0.1283, 0.1272, 0.1287, 0.131, 0.1336, 0.137, 0.1421, 0.1475, 0.153, 0.1595, 0.1655, 0.1727, 0.1786, 0.183, 0.1909, 0.1985, 0.2047, 0.2098, 0.2165, 0.2224, 0.2267, 0.2322]
0.03183313311753771
0.01289595013437336

2
[0.1084, 0.1321, 0.1174, 0.1206, 0.138, 0.1562, 0.1874, 0.2124, 0.2446, 0.2995, 0.3371, 0.345, 0.358, 0.389, 0.4117, 0.4358, 0.4525, 0.4742, 0.4951, 0.5024, 0.5211, 0.5281, 0.5391, 0.5468, 0.5625, 0.5694, 0.5823, 0.5785, 0.5904, 0.5984]
0.0488316525226033
0.018483330333206715

3
[0.1151, 0.3302, 0.403, 0.4953, 0.5518, 0.5108, 0.5761, 0.5942, 0.6277, 0.6233, 0.6658, 0.6875, 0.6813, 0.693, 0.6884, 0.714, 0.7202, 0.7315, 0.7367, 0.7437, 0.7518, 0.7617, 0.7634, 0.7728, 0.7784, 0.783, 0.7864, 0.7962, 0.7977, 0.7997]
0.13941003853357542
0.04998504525089236

4
[0.389, 0.5924, 0.6774, 0.7133, 0.7296, 0.7708, 0.7969, 0.8084, 0.8194, 0.83, 0.8399, 0.8476, 0.8539, 0.8573, 0.8618, 0.8675, 0.8693, 0.8727, 0.876, 0.8783, 0.8803, 0.8827, 0.8845, 0.8858, 0.8877, 0.8896, 0.8906, 0.8905, 0.8919, 0.893]
0.20401495430406796
0.07409362493118435

5
[0.6993, 0.7874, 0.8426, 0.8639, 0.879, 0.8852, 0.8913, 0.895, 0.8992, 0.9003, 0.9025, 0.9044, 0.9057, 0.9076, 0.9086, 0.9087, 0.9109, 0.9125, 0.9134, 0.9141, 0.9151, 0.9155, 0.9153, 0.9162, 0.917, 0.9189, 0.9188, 0.9194, 0.9191, 0.9208]
0.2267811517153861
0.09077086427390955

6
[0.8639, 0.8921, 0.9043, 0.91, 0.9129, 0.9174, 0.9185, 0.9212, 0.9229, 0.9246, 0.9272, 0.9277, 0.9291, 0.9307, 0.9338, 0.9331, 0.9357, 0.9377, 0.9393, 0.9407, 0.9429, 0.9416, 0.9451, 0.9461, 0.9469, 0.9489, 0.9489, 0.951, 0.9507, 0.9514]
0.2676279651365123
0.15466519020227865

7
[0.9048, 0.9149, 0.926, 0.9336, 0.9401, 0.9451, 0.9501, 0.9539, 0.9543, 0.9593, 0.9611, 0.9635, 0.9636, 0.9662, 0.9667, 0.9667, 0.9686, 0.9695, 0.9708, 0.9713, 0.9718, 0.9721, 0.9728, 0.974, 0.9745, 0.9747, 0.9757, 0.9757, 0.9756, 0.9758]
0.39126502740140834
0.15870945982231677

8
[0.9322, 0.9528, 0.96, 0.9675, 0.9704, 0.9725, 0.9757, 0.9767, 0.9765, 0.976, 0.979, 0.9799, 0.9789, 0.9803, 0.9796, 0.9809, 0.9794, 0.9816, 0.9808, 0.9815, 0.9808, 0.9808, 0.9815, 0.981, 0.9809, 0.981, 0.9803, 0.9813, 0.9814, 0.9816]
0.5182600742995056
0.15019102017851654

9
[0.9293, 0.9501, 0.9575, 0.9606, 0.9567, 0.9625, 0.9613, 0.9634, 0.9599, 0.964, 0.9648, 0.9658, 0.9641, 0.9645, 0.9657, 0.9644, 0.9645, 0.9665, 0.966, 0.9664, 0.965, 0.9661, 0.9684, 0.9649, 0.9659, 0.9652, 0.9673, 0.9658, 0.9653, 0.9656]
0.7695027040029919
0.13217361630681218

10
[0.0892, 0.0892, 0.1135, 0.101, 0.0982, 0.2092, 0.2057, 0.2118, 0.2115, 0.2099, 0.2088, 0.2095, 0.2093, 0.2111, 0.2105, 0.2116, 0.2129, 0.2096, 0.2115, 0.21, 0.2959, 0.3032, 0.2993, 0.292, 0.2976, 0.2963, 0.3037, 0.3008, 0.3048, 0.2973]
0.8900965411827003
0.026051068475173505

