0
[0.0946, 0.1129, 0.0959, 0.1047, 0.0957, 0.075, 0.0504, 0.0992, 0.0883, 0.0767, 0.087, 0.0962, 0.1001, 0.1033, 0.095, 0.1024, 0.0883, 0.1068, 0.0973, 0.0806, 0.0983, 0.1103, 0.0943, 0.0876, 0.0806, 0.1019, 0.1038, 0.0881, 0.1012, 0.1024]
-1
-1

1
[0.1597, 0.0652, 0.0555, 0.0793, 0.0238, 0.1027, 0.1073, 0.108, 0.1082, 0.0215, 0.0883, 0.0911, 0.0501, 0.0683, 0.0675, 0.084, 0.077, 0.0821, 0.0822, 0.0878, 0.0699, 0.0446, 0.0368, 0.0367, 0.0387, 0.0883, 0.0636, 0.0697, 0.0328, 0.087]
-1
-1

2
[0.9304, 0.1073, 0.1369, 0.1196, 0.121, 0.1305, 0.1091, 0.1321, 0.1323, 0.1218, 0.1641, 0.1482, 0.1447, 0.157, 0.1431, 0.1325, 0.0588, 0.1626, 0.0812, 0.1445, 0.1367, 0.1559, 0.1679, 0.0334, 0.1577, 0.0658, 0.187, 0.1623, 0.0977, 0.1862]
-1
-1

3
[0.9384, 0.9431, 0.9401, 0.5252, 0.3625, 0.4772, 0.5128, 0.4576, 0.3923, 0.4183, 0.282, 0.3759, 0.3828, 0.3754, 0.354, 0.3506, 0.3095, 0.2844, 0.3656, 0.3883, 0.3785, 0.3756, 0.3468, 0.374, 0.3593, 0.3627, 0.3722, 0.3528, 0.3342, 0.3705]
-1
-1

4
[0.9387, 0.9545, 0.961, 0.9501, 0.9505, 0.9554, 0.9504, 0.9546, 0.955, 0.9541, 0.9491, 0.9507, 0.947, 0.9491, 0.946, 0.9432, 0.9409, 0.9433, 0.9405, 0.9367, 0.9354, 0.9335, 0.9345, 0.9299, 0.9307, 0.9292, 0.9271, 0.9292, 0.926, 0.9268]
-1
-1

5
[0.9385, 0.9586, 0.9647, 0.9659, 0.969, 0.967, 0.9676, 0.9655, 0.963, 0.9628, 0.9666, 0.9644, 0.9621, 0.9602, 0.9611, 0.96, 0.9583, 0.9597, 0.9592, 0.9563, 0.9559, 0.9566, 0.9541, 0.953, 0.9526, 0.9533, 0.9527, 0.951, 0.9524, 0.9446]
-1
-1

6
[0.9398, 0.9571, 0.9667, 0.9694, 0.9732, 0.9728, 0.9723, 0.9757, 0.9734, 0.9749, 0.9742, 0.9731, 0.9713, 0.9755, 0.973, 0.9676, 0.9703, 0.9672, 0.9645, 0.9686, 0.9663, 0.9684, 0.9669, 0.9667, 0.9652, 0.9643, 0.9656, 0.9653, 0.9662, 0.9656]
-1
-1

7
[0.9352, 0.9543, 0.9633, 0.9694, 0.9717, 0.9722, 0.9753, 0.9776, 0.9767, 0.9776, 0.9783, 0.9771, 0.98, 0.9792, 0.9785, 0.9805, 0.979, 0.9782, 0.9799, 0.9793, 0.9778, 0.9762, 0.9787, 0.9714, 0.9791, 0.9756, 0.9752, 0.9772, 0.9757, 0.9748]
0.3746808288173768
0.19430475099405883

8
[0.9364, 0.9535, 0.9654, 0.9695, 0.9708, 0.9734, 0.9754, 0.9785, 0.9764, 0.9778, 0.9797, 0.9793, 0.9778, 0.9792, 0.9781, 0.9803, 0.9806, 0.9802, 0.9798, 0.9793, 0.9789, 0.981, 0.9811, 0.9778, 0.98, 0.9795, 0.9803, 0.9794, 0.9785, 0.9802]
0.3548070230170139
0.16979774576933285

9
[0.9374, 0.9513, 0.9631, 0.966, 0.9699, 0.9717, 0.9737, 0.9763, 0.9767, 0.9769, 0.9763, 0.9783, 0.9778, 0.9779, 0.9785, 0.9783, 0.9794, 0.9792, 0.9795, 0.9782, 0.9799, 0.9792, 0.9792, 0.9779, 0.9801, 0.9795, 0.9791, 0.9796, 0.9793, 0.9793]
0.357065496887337
0.16963403569870128

10
[0.931, 0.9515, 0.9619, 0.9665, 0.9711, 0.9743, 0.9757, 0.9766, 0.9776, 0.9768, 0.9804, 0.98, 0.9794, 0.979, 0.979, 0.9789, 0.9783, 0.9808, 0.98, 0.9785, 0.9799, 0.9809, 0.9793, 0.9809, 0.9809, 0.9799, 0.9807, 0.9793, 0.9813, 0.9809]
0.3756828437434956
0.17564998310258215

