0
[0.6815, 0.7394, 0.7764, 0.803, 0.82, 0.8346, 0.846, 0.8555, 0.8618, 0.8701, 0.875, 0.8792, 0.8839, 0.8882, 0.8905, 0.8936, 0.8969, 0.8987, 0.9008, 0.9026, 0.904, 0.9049, 0.9059, 0.9072, 0.9087, 0.9101, 0.9107, 0.912, 0.9123, 0.9133]
0.286013571851649
0.10189887264297863

1
[0.7854, 0.8534, 0.8777, 0.8914, 0.9002, 0.906, 0.9093, 0.9136, 0.9163, 0.9173, 0.9195, 0.9223, 0.9234, 0.925, 0.9255, 0.9276, 0.9294, 0.9303, 0.9318, 0.9334, 0.9343, 0.9363, 0.9367, 0.9386, 0.9395, 0.9404, 0.9407, 0.9413, 0.9426, 0.9432]
0.30447829526976655
0.13829192565850681

2
[0.8873, 0.9102, 0.9206, 0.9253, 0.9307, 0.9354, 0.9396, 0.9419, 0.9469, 0.9491, 0.9513, 0.9538, 0.9559, 0.957, 0.9596, 0.962, 0.9626, 0.963, 0.9651, 0.9663, 0.9671, 0.9684, 0.9689, 0.9704, 0.9707, 0.9713, 0.9719, 0.9722, 0.9729, 0.9738]
0.33305350004222156
0.16005057092925

3
[0.9239, 0.9411, 0.9499, 0.9574, 0.9626, 0.9648, 0.9695, 0.9721, 0.9746, 0.9758, 0.9765, 0.9746, 0.9779, 0.9793, 0.9795, 0.9777, 0.9788, 0.979, 0.9795, 0.9789, 0.9797, 0.9799, 0.9796, 0.9798, 0.9792, 0.9804, 0.9802, 0.9808, 0.9807, 0.9803]
0.3724600301505156
0.1699982411838032

4
[0.9561, 0.9694, 0.9713, 0.9773, 0.9777, 0.9781, 0.9802, 0.9819, 0.9778, 0.9801, 0.9811, 0.9766, 0.9756, 0.9791, 0.9803, 0.9789, 0.9827, 0.9802, 0.9824, 0.9824, 0.9784, 0.9799, 0.9826, 0.9823, 0.9832, 0.9829, 0.9831, 0.9803, 0.9802, 0.9812]
0.45079746148722855
0.1940418348144981

5
[0.9661, 0.9647, 0.9666, 0.9707, 0.964, 0.9676, 0.9745, 0.968, 0.9707, 0.9721, 0.9707, 0.9715, 0.9715, 0.9717, 0.9744, 0.9756, 0.9727, 0.9738, 0.9716, 0.9731, 0.9703, 0.9698, 0.9731, 0.9752, 0.9725, 0.9716, 0.9743, 0.9747, 0.9751, 0.9739]
0.6362096072669707
0.2647482212453654

6
[0.9135, 0.9359, 0.9219, 0.924, 0.9281, 0.9427, 0.9235, 0.9399, 0.9369, 0.9446, 0.9456, 0.9345, 0.9434, 0.9383, 0.9283, 0.9461, 0.9307, 0.9454, 0.9395, 0.9462, 0.9453, 0.9534, 0.9508, 0.9538, 0.9566, 0.9447, 0.9421, 0.952, 0.9524, 0.9543]
0.7266374893851317
0.33368711688872854

7
[0.8501, 0.8602, 0.8633, 0.8758, 0.8679, 0.8761, 0.8942, 0.8948, 0.8934, 0.9015, 0.8977, 0.9083, 0.891, 0.8659, 0.9088, 0.8823, 0.9042, 0.9002, 0.9062, 0.9042, 0.8997, 0.8981, 0.9145, 0.9078, 0.9137, 0.9124, 0.8987, 0.9155, 0.9153, 0.9158]
-1
-1

8
[0.6131, 0.6132, 0.6256, 0.766, 0.6496, 0.7328, 0.647, 0.7824, 0.5874, 0.7211, 0.6308, 0.7018, 0.5906, 0.603, 0.7124, 0.7126, 0.7935, 0.7374, 0.7013, 0.7955, 0.6614, 0.705, 0.7592, 0.7083, 0.7919, 0.7543, 0.7644, 0.7625, 0.6727, 0.8019]
-1
-1

9
[0.5047, 0.6055, 0.603, 0.4149, 0.5758, 0.4393, 0.5344, 0.5512, 0.516, 0.5941, 0.5355, 0.5527, 0.6975, 0.5632, 0.5289, 0.5439, 0.6176, 0.607, 0.6185, 0.4826, 0.6713, 0.6164, 0.6428, 0.5657, 0.5885, 0.5449, 0.4266, 0.6004, 0.5153, 0.616]
-1
-1

10
[0.4132, 0.4859, 0.4384, 0.4146, 0.5331, 0.4266, 0.3308, 0.3294, 0.3652, 0.4233, 0.4221, 0.4216, 0.3908, 0.4335, 0.4827, 0.4312, 0.3798, 0.3929, 0.3822, 0.4242, 0.4674, 0.4327, 0.451, 0.3273, 0.4244, 0.3691, 0.4121, 0.2883, 0.4453, 0.3003]
-1
-1

