0
[0.8966, 0.9106, 0.9207, 0.9215, 0.9292, 0.9324, 0.9354, 0.94, 0.9442, 0.9474, 0.9478, 0.9499, 0.9511, 0.9548, 0.9571, 0.9581, 0.9604, 0.9623, 0.962, 0.9626, 0.9641, 0.9658, 0.9666, 0.9676, 0.9679, 0.9687, 0.9699, 0.9704, 0.971, 0.9706]
0.3253374827140844
0.16709186370831447

1
[0.9017, 0.9137, 0.9212, 0.9223, 0.9283, 0.9351, 0.9369, 0.9438, 0.9434, 0.9498, 0.9518, 0.9535, 0.9568, 0.9584, 0.9592, 0.9604, 0.961, 0.9636, 0.9636, 0.9649, 0.966, 0.9668, 0.9668, 0.9681, 0.9692, 0.9695, 0.9705, 0.9706, 0.9711, 0.9723]
0.3352083249955381
0.1731467259939569

2
[0.9021, 0.9146, 0.9244, 0.9249, 0.9355, 0.9381, 0.9408, 0.947, 0.9516, 0.951, 0.955, 0.9571, 0.9592, 0.9609, 0.9631, 0.9641, 0.9649, 0.9667, 0.9669, 0.9685, 0.969, 0.9698, 0.9708, 0.9721, 0.9713, 0.9725, 0.9727, 0.9733, 0.9737, 0.9741]
0.3348733284636255
0.17604645191259227

3
[0.9028, 0.9193, 0.9227, 0.9315, 0.9366, 0.9419, 0.9464, 0.9507, 0.9531, 0.9566, 0.9573, 0.9607, 0.9624, 0.9644, 0.9648, 0.9669, 0.9683, 0.9687, 0.9704, 0.971, 0.972, 0.9726, 0.9717, 0.9735, 0.9746, 0.9744, 0.9753, 0.9763, 0.9761, 0.9769]
0.3471083041287948
0.1745362095816284

4
[0.9074, 0.9193, 0.9282, 0.9331, 0.9358, 0.9449, 0.9475, 0.9525, 0.956, 0.9596, 0.9602, 0.9622, 0.9645, 0.9665, 0.9665, 0.9673, 0.9695, 0.9707, 0.9713, 0.9734, 0.9725, 0.9743, 0.9745, 0.9752, 0.9764, 0.9757, 0.9756, 0.9774, 0.9769, 0.977]
0.36303648854648113
0.16650997700589473

5
[0.9098, 0.9189, 0.93, 0.9394, 0.9452, 0.9515, 0.9567, 0.9584, 0.962, 0.9623, 0.9644, 0.968, 0.9667, 0.9701, 0.971, 0.9717, 0.9724, 0.9731, 0.9749, 0.9747, 0.9757, 0.975, 0.9765, 0.9769, 0.9761, 0.9761, 0.977, 0.9791, 0.9787, 0.9783]
0.3768636849048064
0.1565938896779712

6
[0.911, 0.9284, 0.9348, 0.9442, 0.9521, 0.9572, 0.9596, 0.9644, 0.9659, 0.9672, 0.9684, 0.971, 0.9724, 0.9724, 0.9738, 0.9739, 0.9757, 0.9761, 0.9769, 0.9766, 0.9767, 0.9766, 0.9777, 0.9766, 0.9786, 0.9787, 0.9781, 0.9792, 0.9789, 0.9781]
0.4160833079363878
0.15834322112048008

7
[0.9097, 0.9297, 0.9437, 0.9521, 0.9559, 0.9638, 0.9648, 0.9679, 0.9697, 0.9712, 0.9735, 0.9744, 0.9746, 0.9757, 0.9763, 0.9767, 0.9779, 0.979, 0.9791, 0.9784, 0.9789, 0.9797, 0.9795, 0.98, 0.9792, 0.9805, 0.9784, 0.9797, 0.9803, 0.9814]
0.43732497743028764
0.15116067041877967

8
[0.9161, 0.9472, 0.9564, 0.9625, 0.9672, 0.9706, 0.9719, 0.9746, 0.975, 0.9755, 0.9777, 0.9774, 0.9777, 0.9785, 0.9773, 0.9798, 0.9785, 0.9803, 0.9795, 0.9805, 0.9785, 0.9796, 0.9798, 0.98, 0.9805, 0.9809, 0.9801, 0.9809, 0.9801, 0.9814]
0.4697294414112504
0.14564340498131315

9
[0.9435, 0.9617, 0.9688, 0.9739, 0.9759, 0.9779, 0.9773, 0.9777, 0.9774, 0.9801, 0.978, 0.9811, 0.9809, 0.9823, 0.9812, 0.981, 0.9821, 0.9818, 0.9823, 0.9818, 0.9819, 0.982, 0.9816, 0.9819, 0.9815, 0.9823, 0.9825, 0.983, 0.9819, 0.9825]
0.5257762694269861
0.1438849457010867

