0
[0.9208, 0.9473, 0.9566, 0.9641, 0.9678, 0.9722, 0.9722, 0.9759, 0.9752, 0.9776, 0.9782, 0.9776, 0.98, 0.9801, 0.9798, 0.9792, 0.9798, 0.9805, 0.9809, 0.9814, 0.9808, 0.9822, 0.9813, 0.9807, 0.9815, 0.9812, 0.9806, 0.9812, 0.9812, 0.9822]
0.387458606093252
0.15907799035844444

1
[0.9298, 0.9482, 0.9585, 0.9652, 0.9688, 0.9712, 0.9714, 0.9754, 0.9754, 0.9736, 0.9768, 0.9787, 0.9778, 0.9799, 0.9793, 0.9808, 0.9792, 0.9797, 0.9801, 0.9797, 0.9804, 0.9778, 0.9799, 0.9796, 0.9796, 0.9802, 0.9818, 0.9811, 0.9802, 0.9808]
0.379345391583166
0.16484598899846492

2
[0.9222, 0.9447, 0.9558, 0.9605, 0.9658, 0.966, 0.9687, 0.9669, 0.9693, 0.9737, 0.9717, 0.9708, 0.9725, 0.9739, 0.9738, 0.9731, 0.9758, 0.9748, 0.9725, 0.9676, 0.9756, 0.9747, 0.9766, 0.9757, 0.9754, 0.9753, 0.9765, 0.9765, 0.9749, 0.9757]
0.3388284395742854
0.17387645871689208

3
[0.924, 0.9354, 0.9419, 0.948, 0.9458, 0.9522, 0.9527, 0.953, 0.9559, 0.9555, 0.9582, 0.9594, 0.9541, 0.9576, 0.956, 0.9607, 0.9544, 0.9562, 0.9582, 0.9608, 0.9591, 0.9575, 0.9552, 0.9585, 0.9588, 0.9587, 0.9567, 0.9546, 0.9588, 0.9602]
0.2764012512539832
0.1710684037514141

4
[0.9056, 0.9083, 0.9092, 0.9084, 0.9103, 0.9133, 0.9147, 0.9179, 0.9057, 0.9119, 0.9116, 0.9063, 0.9127, 0.9193, 0.9127, 0.9161, 0.9159, 0.9199, 0.9141, 0.9212, 0.9194, 0.9169, 0.9178, 0.911, 0.9218, 0.918, 0.9058, 0.9113, 0.9179, 0.9132]
0.2667204321883134
0.11372112370375675

5
[0.872, 0.8454, 0.8517, 0.8211, 0.8717, 0.8699, 0.8889, 0.874, 0.8751, 0.8656, 0.871, 0.8736, 0.8728, 0.8731, 0.8805, 0.8346, 0.8614, 0.8737, 0.8509, 0.8913, 0.8716, 0.8766, 0.8811, 0.8653, 0.857, 0.8799, 0.8866, 0.8897, 0.872, 0.8778]
0.2064022914353626
0.08825141159755291

6
[0.6889, 0.7228, 0.6193, 0.6763, 0.7136, 0.6524, 0.7369, 0.616, 0.7106, 0.668, 0.6858, 0.7326, 0.6547, 0.799, 0.695, 0.6792, 0.6962, 0.7162, 0.7444, 0.6346, 0.6518, 0.7387, 0.7548, 0.6797, 0.6766, 0.6563, 0.7619, 0.6929, 0.6989, 0.7251]
0.14581236763004168
0.05205654210499923

7
[0.1028, 0.1028, 0.098, 0.101, 0.1009, 0.1135, 0.098, 0.1032, 0.1135, 0.101, 0.101, 0.098, 0.0958, 0.0974, 0.0982, 0.0892, 0.1032, 0.1009, 0.1135, 0.0974, 0.1135, 0.1028, 0.101, 0.1028, 0.0892, 0.1028, 0.1028, 0.1135, 0.1135, 0.098]
0.0021188362973671715
1.3618238547516405e-09

8
[0.0982, 0.1009, 0.101, 0.0982, 0.098, 0.1009, 0.1009, 0.1009, 0.0982, 0.1028, 0.1028, 0.1032, 0.098, 0.1032, 0.0892, 0.1028, 0.0958, 0.101, 0.1032, 0.0974, 0.101, 0.101, 0.0982, 0.1028, 0.0974, 0.0982, 0.1032, 0.1028, 0.098, 0.1032]
0.0014498741636987387
2.168404344971009e-19

9
[0.0982, 0.1135, 0.0958, 0.0892, 0.1135, 0.0982, 0.0974, 0.101, 0.1135, 0.0974, 0.098, 0.0958, 0.1032, 0.1135, 0.101, 0.101, 0.1032, 0.0974, 0.1032, 0.1032, 0.1135, 0.1135, 0.0892, 0.1028, 0.0974, 0.1032, 0.098, 0.1028, 0.098, 0.101]
0.05335541829276051
0.020672366947616122

10
[0.1028, 0.0974, 0.0974, 0.0982, 0.0892, 0.098, 0.1009, 0.0974, 0.1135, 0.1135, 0.1028, 0.1028, 0.1009, 0.098, 0.1135, 0.0892, 0.1135, 0.1009, 0.1028, 0.101, 0.1028, 0.1009, 0.098, 0.1028, 0.1009, 0.0834, 0.1135, 0.1135, 0.1135, 0.0892]
0.1534267932877817
0.06876527599615102

