0
[0.0974, 0.0975, 0.098, 0.0976, 0.0966, 0.096, 0.0973, 0.0984, 0.1006, 0.1027, 0.1071, 0.1087, 0.1122, 0.1141, 0.1184, 0.1181, 0.1213, 0.1216, 0.1205, 0.1143, 0.1082, 0.1041, 0.0997, 0.1025, 0.1085, 0.1143, 0.1189, 0.1268, 0.1316, 0.1318]
0.02979703811815038
0.011651478036640104

1
[0.1028, 0.1027, 0.1028, 0.1035, 0.1228, 0.1853, 0.1867, 0.1613, 0.1429, 0.1326, 0.1289, 0.1283, 0.1283, 0.1288, 0.1301, 0.1323, 0.1355, 0.1388, 0.1432, 0.1472, 0.1515, 0.1545, 0.1608, 0.1658, 0.1711, 0.176, 0.1801, 0.1847, 0.1892, 0.1938]
0.0312952577334564
0.012557997852348013

2
[0.0975, 0.1345, 0.1477, 0.1189, 0.1188, 0.1195, 0.1283, 0.1368, 0.1495, 0.1715, 0.1949, 0.2068, 0.2224, 0.2466, 0.2714, 0.293, 0.3164, 0.3329, 0.3509, 0.3663, 0.3913, 0.3965, 0.4127, 0.42, 0.4391, 0.449, 0.4603, 0.4649, 0.4807, 0.4949]
0.03840530546107897
0.014372602450562245

3
[0.1138, 0.1365, 0.199, 0.2679, 0.36, 0.3593, 0.4075, 0.4408, 0.4869, 0.5007, 0.537, 0.5795, 0.5817, 0.5909, 0.578, 0.6198, 0.6154, 0.6326, 0.6392, 0.6368, 0.6409, 0.6561, 0.6689, 0.6655, 0.6643, 0.6793, 0.6862, 0.6904, 0.6932, 0.6988]
0.08484075098232759
0.03350851837237391

4
[0.1537, 0.4072, 0.5217, 0.5826, 0.5974, 0.6349, 0.6553, 0.6681, 0.6904, 0.713, 0.725, 0.7409, 0.7485, 0.7577, 0.7682, 0.7833, 0.79, 0.7937, 0.803, 0.8105, 0.8115, 0.8173, 0.8209, 0.8277, 0.8277, 0.8352, 0.837, 0.8402, 0.8443, 0.8475]
0.17174381411484246
0.0611439266889113

5
[0.4194, 0.5591, 0.6864, 0.7292, 0.7726, 0.8025, 0.8186, 0.8269, 0.8411, 0.8487, 0.8564, 0.8625, 0.8653, 0.8715, 0.8758, 0.8779, 0.8798, 0.8832, 0.8857, 0.887, 0.8891, 0.8895, 0.8918, 0.894, 0.8945, 0.8954, 0.8966, 0.8974, 0.8981, 0.8984]
0.20522805208235884
0.07158532263141593

6
[0.6939, 0.7996, 0.8444, 0.8639, 0.8769, 0.8855, 0.8911, 0.8947, 0.8971, 0.9005, 0.9013, 0.9036, 0.9055, 0.9062, 0.9087, 0.9097, 0.9116, 0.9124, 0.9142, 0.9155, 0.915, 0.9148, 0.9163, 0.9166, 0.9185, 0.9183, 0.9184, 0.9194, 0.9195, 0.9206]
0.22276360892245017
0.0914442998084054

7
[0.8504, 0.8864, 0.8978, 0.9051, 0.9102, 0.9141, 0.9155, 0.919, 0.9184, 0.9211, 0.9223, 0.9235, 0.9249, 0.9262, 0.9284, 0.9289, 0.9303, 0.9313, 0.9332, 0.9332, 0.9348, 0.9365, 0.9378, 0.9382, 0.9398, 0.9413, 0.9418, 0.9426, 0.945, 0.9442]
0.26557170685689485
0.13274207546571232

8
[0.8959, 0.9149, 0.9182, 0.9243, 0.9286, 0.9308, 0.937, 0.9381, 0.9428, 0.9449, 0.9476, 0.9503, 0.9525, 0.9528, 0.9559, 0.9568, 0.9589, 0.9619, 0.9618, 0.9632, 0.9642, 0.9642, 0.9675, 0.9671, 0.9665, 0.969, 0.9692, 0.9701, 0.9712, 0.971]
0.32512399282449705
0.16458277185902115

9
[0.9113, 0.9312, 0.9462, 0.9537, 0.9603, 0.9622, 0.9644, 0.9679, 0.9702, 0.9707, 0.9732, 0.9751, 0.9744, 0.9756, 0.9764, 0.976, 0.9769, 0.9777, 0.9781, 0.9768, 0.979, 0.9796, 0.9798, 0.9782, 0.9796, 0.9796, 0.9806, 0.9809, 0.9797, 0.9802]
0.4545307163142242
0.1590065946317223

10
[0.9324, 0.9605, 0.9672, 0.9701, 0.9739, 0.9741, 0.9776, 0.9773, 0.9782, 0.9791, 0.9782, 0.9788, 0.9808, 0.9797, 0.9803, 0.9812, 0.9807, 0.9809, 0.9808, 0.9817, 0.9817, 0.9815, 0.9809, 0.9819, 0.9818, 0.9822, 0.9816, 0.9823, 0.9825, 0.9818]
0.5294185973594568
0.1474781580575302

