0
[0.9206, 0.9297, 0.9361, 0.9398, 0.9435, 0.9447, 0.9471, 0.9494, 0.95, 0.9508, 0.9531, 0.9539, 0.9548, 0.956, 0.9577, 0.9582, 0.9587, 0.9589, 0.9604, 0.9607, 0.9609, 0.9611, 0.9617, 0.9615, 0.9622, 0.9625, 0.9635, 0.9634, 0.9628, 0.9643]
0.33996340100293165
0.16236318664636223

1
[0.9217, 0.9319, 0.9361, 0.9396, 0.9428, 0.944, 0.9464, 0.9484, 0.9495, 0.9511, 0.9509, 0.9525, 0.9545, 0.9551, 0.9561, 0.9571, 0.9579, 0.9575, 0.9588, 0.9593, 0.9598, 0.9602, 0.9601, 0.9615, 0.9617, 0.9621, 0.962, 0.9627, 0.9629, 0.9632]
0.33136160160251504
0.15283746424428943

2
[0.9219, 0.9291, 0.9348, 0.9376, 0.9396, 0.941, 0.9433, 0.9443, 0.9464, 0.9481, 0.9478, 0.9492, 0.9508, 0.9509, 0.9521, 0.9531, 0.953, 0.9528, 0.9542, 0.955, 0.9558, 0.9558, 0.9572, 0.9575, 0.9574, 0.9565, 0.9576, 0.9584, 0.9584, 0.96]
0.30882061707627306
0.14904520073615557

3
[0.9142, 0.9216, 0.9261, 0.9272, 0.9284, 0.9286, 0.9313, 0.9318, 0.9337, 0.9353, 0.9352, 0.9365, 0.9366, 0.9374, 0.9369, 0.9372, 0.938, 0.9391, 0.9402, 0.9403, 0.9398, 0.9408, 0.9416, 0.9419, 0.9415, 0.9423, 0.9432, 0.9436, 0.9442, 0.9442]
0.24811695222381644
0.1271422653955837

4
[0.905, 0.9069, 0.9106, 0.91, 0.9113, 0.9131, 0.9147, 0.9145, 0.913, 0.9146, 0.9141, 0.9151, 0.916, 0.915, 0.9159, 0.9146, 0.9149, 0.9168, 0.916, 0.9152, 0.9166, 0.9162, 0.9166, 0.9172, 0.9173, 0.9169, 0.917, 0.9186, 0.9173, 0.917]
0.18867470421494942
0.0795400430217516

5
[0.886, 0.8924, 0.892, 0.8927, 0.8882, 0.892, 0.8921, 0.8931, 0.8917, 0.8915, 0.893, 0.892, 0.8927, 0.8927, 0.8935, 0.893, 0.892, 0.8927, 0.8933, 0.8931, 0.8953, 0.892, 0.893, 0.8934, 0.8917, 0.8948, 0.893, 0.893, 0.8921, 0.8933]
0.16436565885333793
0.05936656123187247

6
[0.7786, 0.7666, 0.8, 0.7899, 0.7918, 0.7892, 0.7959, 0.7916, 0.7906, 0.8021, 0.8035, 0.7991, 0.7933, 0.789, 0.7957, 0.8075, 0.7974, 0.7973, 0.7996, 0.792, 0.7893, 0.7994, 0.8021, 0.7986, 0.8008, 0.7969, 0.8035, 0.7895, 0.7993, 0.7941]
0.13118931468461892
0.043026971498720715

7
[0.098, 0.101, 0.1135, 0.098, 0.1135, 0.098, 0.1135, 0.1441, 0.1135, 0.1028, 0.1135, 0.1135, 0.0958, 0.1135, 0.1135, 0.1135, 0.1135, 0.1135, 0.101, 0.1135, 0.1135, 0.1135, 0.1135, 0.1135, 0.1135, 0.1135, 0.1135, 0.1135, 0.1135, 0.1135]
0.001537111633300981
0.00011829432986065786

8
[0.1135, 0.101, 0.1009, 0.101, 0.1135, 0.1135, 0.1135, 0.1135, 0.1135, 0.1135, 0.1135, 0.1135, 0.1135, 0.101, 0.1135, 0.1032, 0.1009, 0.1135, 0.1135, 0.1135, 0.1135, 0.1135, 0.1135, 0.1135, 0.1135, 0.1135, 0.1028, 0.1135, 0.1135, 0.1135]
0.00026033000362239147
3.31008541698502e-06

9
[0.1009, 0.1028, 0.1032, 0.1028, 0.101, 0.101, 0.1135, 0.1135, 0.1135, 0.1135, 0.1028, 0.1028, 0.1135, 0.1135, 0.1135, 0.1135, 0.1135, 0.1135, 0.1135, 0.1135, 0.1135, 0.1135, 0.1135, 0.1135, 0.1135, 0.1135, 0.1135, 0.1135, 0.1135, 0.1032]
4.293309030383215e-05
2.9265323941863827e-06

10
[0.098, 0.1135, 0.0982, 0.0958, 0.1135, 0.0958, 0.1135, 0.098, 0.101, 0.1028, 0.1135, 0.0958, 0.101, 0.1032, 0.1135, 0.1028, 0.0982, 0.1135, 0.1028, 0.1135, 0.1135, 0.1028, 0.101, 0.1135, 0.1028, 0.101, 0.1135, 0.1135, 0.1032, 0.101]
5.406724348495389e-06
1.714799807892261e-07

