7
[0.9347, 0.9563, 0.9634, 0.9689, 0.9708, 0.9756, 0.9758, 0.9763, 0.9752, 0.9769, 0.9784, 0.9784, 0.9781, 0.9762, 0.9797, 0.98, 0.9791, 0.9767, 0.9772, 0.9773, 0.9775, 0.9717, 0.9756, 0.9765, 0.9773, 0.9764, 0.9774, 0.9767, 0.976, 0.9748]
0.3724461465778249
0.19357087985958346

8
[0.9375, 0.9553, 0.9623, 0.9677, 0.9729, 0.9735, 0.977, 0.9751, 0.9771, 0.9777, 0.9774, 0.9793, 0.9797, 0.9798, 0.9796, 0.9795, 0.9804, 0.9799, 0.9795, 0.9805, 0.9801, 0.981, 0.9807, 0.98, 0.9793, 0.9802, 0.9796, 0.9812, 0.9813, 0.9806]
0.34952480368628264
0.16975783535848354

9
[0.9368, 0.953, 0.9621, 0.9688, 0.9708, 0.9727, 0.9755, 0.9767, 0.9775, 0.9779, 0.9771, 0.9788, 0.9788, 0.9794, 0.9798, 0.9804, 0.9799, 0.9806, 0.9811, 0.9812, 0.98, 0.9802, 0.9797, 0.9805, 0.9806, 0.9803, 0.9793, 0.9801, 0.9809, 0.9799]
0.3629210107326583
0.17127270175402293

10
[0.9321, 0.95, 0.9624, 0.9678, 0.9713, 0.9742, 0.9759, 0.9743, 0.9775, 0.9787, 0.978, 0.9785, 0.9816, 0.9803, 0.9807, 0.9806, 0.9808, 0.9798, 0.9803, 0.981, 0.982, 0.9792, 0.9806, 0.9821, 0.9808, 0.9807, 0.9823, 0.9807, 0.9822, 0.9782]
0.3899284327989667
0.16745573688038567

