0
[0.8967, 0.9112, 0.9178, 0.9223, 0.9286, 0.9328, 0.9373, 0.939, 0.943, 0.9469, 0.9494, 0.9513, 0.9535, 0.9553, 0.9563, 0.9574, 0.9604, 0.962, 0.9621, 0.9639, 0.9651, 0.9655, 0.9663, 0.9669, 0.9674, 0.9679, 0.9688, 0.9686, 0.9698, 0.9712]
0.3201521529545833
0.17596452410202612

1
[0.8975, 0.9097, 0.9191, 0.9243, 0.9284, 0.9312, 0.9369, 0.9401, 0.943, 0.9485, 0.9503, 0.9529, 0.9533, 0.956, 0.9585, 0.9594, 0.9609, 0.9618, 0.962, 0.9643, 0.9651, 0.9655, 0.9665, 0.9674, 0.9682, 0.9684, 0.9691, 0.9693, 0.9702, 0.9712]
0.4426939506678257
0.1530673475625788

2
[0.8963, 0.9092, 0.9145, 0.9227, 0.9295, 0.9351, 0.9365, 0.9407, 0.9443, 0.9483, 0.9499, 0.9524, 0.9539, 0.956, 0.9576, 0.9594, 0.9603, 0.962, 0.9631, 0.9634, 0.9643, 0.9646, 0.9663, 0.9673, 0.9679, 0.9682, 0.9684, 0.9705, 0.9705, 0.9703]
0.4827600471283134
0.1477973977830681

3
[0.8942, 0.9085, 0.9169, 0.9216, 0.9302, 0.9327, 0.939, 0.9414, 0.9449, 0.946, 0.949, 0.9508, 0.9539, 0.9554, 0.9568, 0.958, 0.9599, 0.9609, 0.9611, 0.9622, 0.9636, 0.9644, 0.9647, 0.9656, 0.9672, 0.9669, 0.9679, 0.9692, 0.969, 0.9699]
0.5085558679958413
0.1520510031159551

4
[0.8914, 0.9078, 0.9169, 0.925, 0.929, 0.9334, 0.9389, 0.9417, 0.9436, 0.9479, 0.9497, 0.9504, 0.9532, 0.9557, 0.9567, 0.9578, 0.9594, 0.96, 0.9619, 0.9619, 0.962, 0.9644, 0.964, 0.9647, 0.9659, 0.9663, 0.9668, 0.9677, 0.9676, 0.9678]
0.5228129290973239
0.15079928053843564

5
[0.8894, 0.9057, 0.9151, 0.9239, 0.9263, 0.9324, 0.937, 0.9399, 0.9428, 0.9446, 0.947, 0.9478, 0.9513, 0.9513, 0.9537, 0.9545, 0.9549, 0.9569, 0.9575, 0.9592, 0.9586, 0.9607, 0.9615, 0.963, 0.9636, 0.9641, 0.9645, 0.9647, 0.965, 0.966]
0.557257082277024
0.14936970504610914

6
[0.881, 0.9018, 0.9142, 0.9204, 0.9279, 0.9318, 0.9367, 0.9382, 0.9413, 0.9436, 0.945, 0.9464, 0.9486, 0.9496, 0.9517, 0.9528, 0.9539, 0.9556, 0.9553, 0.9564, 0.9576, 0.9576, 0.9602, 0.9593, 0.96, 0.9613, 0.9613, 0.9622, 0.9619, 0.9626]
0.5682616770893103
0.14289090681999864

7
[0.8802, 0.8998, 0.9104, 0.9175, 0.9216, 0.9258, 0.9285, 0.932, 0.9351, 0.9381, 0.9407, 0.9409, 0.9439, 0.9457, 0.9464, 0.9486, 0.9489, 0.9508, 0.9512, 0.9523, 0.9533, 0.9539, 0.9544, 0.9553, 0.9564, 0.9569, 0.9574, 0.9573, 0.9582, 0.9581]
0.5834698751561985
0.13548234350573932

8
[0.8642, 0.8895, 0.9036, 0.9093, 0.916, 0.9217, 0.9239, 0.9273, 0.9288, 0.9326, 0.9333, 0.9364, 0.9382, 0.939, 0.9396, 0.9433, 0.943, 0.9448, 0.9456, 0.946, 0.9466, 0.9482, 0.949, 0.9504, 0.9503, 0.9499, 0.9502, 0.9532, 0.9528, 0.9538]
0.6279973249456274
0.13140813413941707

9
[0.8293, 0.8651, 0.8841, 0.8918, 0.8978, 0.902, 0.9076, 0.9105, 0.9119, 0.9158, 0.9172, 0.921, 0.9224, 0.9209, 0.9236, 0.9248, 0.9263, 0.9272, 0.9287, 0.9295, 0.9291, 0.9294, 0.9306, 0.9316, 0.9312, 0.9328, 0.9337, 0.9337, 0.9348, 0.9375]
0.6729493097857049
0.11313115474162466

