0
[0.9338, 0.951, 0.9616, 0.9679, 0.9707, 0.9729, 0.977, 0.9791, 0.9779, 0.9782, 0.98, 0.9785, 0.9794, 0.9815, 0.9806, 0.9822, 0.9821, 0.9819, 0.9813, 0.9821, 0.9813, 0.9827, 0.9827, 0.9802, 0.9822, 0.9805, 0.9807, 0.9809, 0.9802, 0.9822]
0.37767509628162543
0.16516596242240872

1
[0.9347, 0.9521, 0.9578, 0.9675, 0.971, 0.9734, 0.9748, 0.9765, 0.9777, 0.9794, 0.9801, 0.9804, 0.9802, 0.981, 0.9801, 0.9813, 0.9796, 0.9815, 0.9813, 0.981, 0.9802, 0.9806, 0.9806, 0.9807, 0.9815, 0.9808, 0.9805, 0.9806, 0.9806, 0.9808]
0.4585789713690175
0.16930836247412376

2
[0.9314, 0.9501, 0.9608, 0.9656, 0.971, 0.9736, 0.9751, 0.977, 0.9795, 0.9782, 0.9813, 0.9804, 0.9804, 0.981, 0.9813, 0.9823, 0.9815, 0.9817, 0.983, 0.9809, 0.9821, 0.9816, 0.9821, 0.9836, 0.9814, 0.9825, 0.9824, 0.9829, 0.9821, 0.9814]
0.49959379670058857
0.15925087493782278

3
[0.9283, 0.9458, 0.9595, 0.9667, 0.9706, 0.9726, 0.9749, 0.9763, 0.9761, 0.9784, 0.9787, 0.9795, 0.9799, 0.9813, 0.9808, 0.9811, 0.9818, 0.9813, 0.9827, 0.9808, 0.9826, 0.9816, 0.9825, 0.982, 0.9824, 0.9829, 0.9821, 0.9824, 0.9824, 0.9834]
0.5237787892122352
0.1494333000880009

4
[0.927, 0.9458, 0.9564, 0.9633, 0.9682, 0.9712, 0.9734, 0.9748, 0.9762, 0.9764, 0.9761, 0.9781, 0.9795, 0.9784, 0.9789, 0.9799, 0.9806, 0.9812, 0.9788, 0.9816, 0.9816, 0.9803, 0.981, 0.9811, 0.9811, 0.9806, 0.982, 0.9808, 0.9808, 0.9814]
0.5438534476835024
0.15444859355583146

5
[0.9248, 0.9423, 0.9542, 0.9618, 0.9663, 0.969, 0.9722, 0.9743, 0.975, 0.9761, 0.9771, 0.9774, 0.9765, 0.9791, 0.9787, 0.9806, 0.9796, 0.9788, 0.9802, 0.9797, 0.9799, 0.981, 0.9811, 0.9797, 0.9807, 0.9804, 0.9814, 0.9809, 0.982, 0.9823]
0.5674390742382263
0.1525255641087144

6
[0.9201, 0.9403, 0.9511, 0.9583, 0.9633, 0.9666, 0.9701, 0.9715, 0.9716, 0.9727, 0.9747, 0.9755, 0.9748, 0.9757, 0.9774, 0.9781, 0.9773, 0.9776, 0.9795, 0.9795, 0.9796, 0.979, 0.9804, 0.9794, 0.9799, 0.9812, 0.9797, 0.9798, 0.9805, 0.9798]
0.5781562923033555
0.15043764405596274

7
[0.92, 0.9365, 0.9468, 0.9527, 0.9567, 0.961, 0.9626, 0.9657, 0.9682, 0.9694, 0.9701, 0.9722, 0.9736, 0.9737, 0.973, 0.9734, 0.9748, 0.9758, 0.9762, 0.9753, 0.9749, 0.976, 0.9757, 0.9765, 0.9756, 0.9771, 0.9761, 0.9759, 0.9769, 0.9775]
0.5947565947073767
0.14909971146072573

8
[0.9143, 0.9312, 0.9387, 0.9447, 0.9502, 0.9545, 0.9564, 0.959, 0.9602, 0.9626, 0.9637, 0.9654, 0.9668, 0.9671, 0.9685, 0.9688, 0.969, 0.9699, 0.9701, 0.9698, 0.9713, 0.9712, 0.9713, 0.9723, 0.9712, 0.9714, 0.973, 0.9719, 0.973, 0.972]
0.5998869539891112
0.15107148618041674

9
[0.8981, 0.9169, 0.9268, 0.9296, 0.9357, 0.938, 0.9393, 0.9419, 0.9436, 0.9446, 0.9464, 0.9455, 0.9477, 0.9483, 0.95, 0.9509, 0.9508, 0.9519, 0.9525, 0.9533, 0.953, 0.954, 0.9554, 0.9547, 0.9547, 0.9548, 0.9555, 0.9557, 0.9559, 0.956]
0.6115098088774206
0.1210981099046801

