0
[0.9268, 0.9467, 0.9574, 0.963, 0.9686, 0.9719, 0.9732, 0.9752, 0.977, 0.9765, 0.9768, 0.9765, 0.9794, 0.9803, 0.9802, 0.9792, 0.9811, 0.9804, 0.9802, 0.9815, 0.9811, 0.9814, 0.9814, 0.9809, 0.9809, 0.9813, 0.982, 0.9815, 0.981, 0.9815]
0.4064340144603913
0.17340379453116997

1
[0.9304, 0.9474, 0.959, 0.9663, 0.9701, 0.9717, 0.9723, 0.9745, 0.9753, 0.9781, 0.9774, 0.9789, 0.9803, 0.9796, 0.98, 0.9804, 0.9813, 0.9808, 0.9809, 0.9813, 0.9818, 0.9812, 0.9824, 0.9824, 0.9813, 0.9824, 0.9822, 0.982, 0.9822, 0.9825]
0.4995885493799461
0.15358512131188237

2
[0.9279, 0.9487, 0.9597, 0.9639, 0.9687, 0.972, 0.9731, 0.9758, 0.9761, 0.9772, 0.9779, 0.978, 0.9782, 0.9791, 0.9813, 0.9802, 0.9806, 0.9802, 0.9805, 0.9805, 0.9818, 0.9824, 0.9823, 0.9827, 0.9825, 0.9819, 0.9817, 0.982, 0.9827, 0.9825]
0.5323355019771517
0.15327283376112294

3
[0.9261, 0.9486, 0.9571, 0.9641, 0.9678, 0.9697, 0.9727, 0.9734, 0.974, 0.9748, 0.9768, 0.9775, 0.978, 0.9799, 0.9784, 0.9787, 0.9786, 0.9783, 0.9798, 0.9797, 0.981, 0.9807, 0.9824, 0.9807, 0.9817, 0.9806, 0.9818, 0.9814, 0.9823, 0.9818]
0.5585338312864956
0.15500165958140605

4
[0.9235, 0.9476, 0.9579, 0.9627, 0.9656, 0.9691, 0.9723, 0.9739, 0.9741, 0.9757, 0.9751, 0.9766, 0.9758, 0.9788, 0.9779, 0.9781, 0.9784, 0.9794, 0.9796, 0.9796, 0.9803, 0.9805, 0.98, 0.9803, 0.9806, 0.981, 0.9808, 0.9804, 0.9813, 0.9811]
0.6006066246250032
0.1505293029239863

5
[0.9258, 0.9436, 0.9549, 0.9597, 0.9653, 0.9661, 0.9701, 0.9717, 0.9719, 0.9743, 0.974, 0.9761, 0.9761, 0.9761, 0.9762, 0.9776, 0.977, 0.9789, 0.9792, 0.9785, 0.9783, 0.9789, 0.9792, 0.9787, 0.9799, 0.9805, 0.9792, 0.9799, 0.9798, 0.9809]
0.6105879260660262
0.15206966539550731

6
[0.9248, 0.9423, 0.9515, 0.9569, 0.9604, 0.9632, 0.9671, 0.9688, 0.9697, 0.9707, 0.9723, 0.9731, 0.9733, 0.9735, 0.9752, 0.9754, 0.975, 0.9774, 0.9754, 0.9766, 0.9764, 0.978, 0.9782, 0.9786, 0.978, 0.9777, 0.9782, 0.9789, 0.9788, 0.9789]
0.6285415976188391
0.14943909111915724

7
[0.9199, 0.9375, 0.9442, 0.9493, 0.9553, 0.9561, 0.9597, 0.9631, 0.964, 0.9646, 0.9665, 0.9665, 0.9682, 0.9688, 0.9699, 0.9703, 0.9712, 0.9707, 0.9724, 0.9718, 0.9733, 0.9747, 0.9737, 0.9734, 0.9741, 0.9754, 0.9747, 0.9747, 0.9745, 0.9747]
0.6303903732376985
0.15066950267829765

8
[0.9128, 0.9267, 0.9379, 0.9422, 0.9467, 0.9485, 0.9526, 0.953, 0.956, 0.9569, 0.9577, 0.9597, 0.96, 0.9603, 0.9611, 0.9625, 0.9627, 0.964, 0.964, 0.9658, 0.9654, 0.9666, 0.9668, 0.9672, 0.9681, 0.9677, 0.9683, 0.9692, 0.9697, 0.9697]
0.6515708114537884
0.14288154346460316

9
[0.9004, 0.9138, 0.9215, 0.9245, 0.9269, 0.9322, 0.9337, 0.9365, 0.9383, 0.9369, 0.9408, 0.9411, 0.942, 0.9424, 0.9432, 0.9444, 0.9446, 0.9451, 0.9452, 0.9454, 0.9462, 0.9453, 0.9473, 0.9477, 0.9468, 0.9484, 0.9482, 0.9491, 0.9491, 0.9489]
0.66998206633198
0.12760421039716813

