0
[0.9594, 0.9667, 0.9708, 0.9719, 0.9741, 0.9747, 0.9758, 0.9759, 0.9767, 0.9776, 0.9769, 0.9779, 0.9786, 0.9778, 0.9777, 0.9787, 0.979, 0.9789, 0.9794, 0.9798, 0.9802, 0.9796, 0.9793, 0.9803, 0.9797, 0.9804, 0.9798, 0.9803, 0.9809, 0.9806]
0.6901279770874192
0.19044640276915747

1
[0.9611, 0.9709, 0.9742, 0.9752, 0.9768, 0.9793, 0.9783, 0.9796, 0.9796, 0.9806, 0.9796, 0.9813, 0.9816, 0.9815, 0.9817, 0.9822, 0.9815, 0.9821, 0.9822, 0.9821, 0.9823, 0.9827, 0.9827, 0.9838, 0.9829, 0.9826, 0.9827, 0.9833, 0.9828, 0.9837]
0.6730438895193835
0.1721323811090862

2
[0.9609, 0.9701, 0.9732, 0.9753, 0.9774, 0.9769, 0.9792, 0.9786, 0.9786, 0.9795, 0.9805, 0.9806, 0.9811, 0.9812, 0.981, 0.9814, 0.9809, 0.9807, 0.9815, 0.9807, 0.9819, 0.9816, 0.982, 0.9819, 0.9823, 0.9816, 0.9818, 0.982, 0.9813, 0.9819]
0.6963096242904203
0.16694360854321752

3
[0.9615, 0.9663, 0.9716, 0.9742, 0.9752, 0.9756, 0.9776, 0.9792, 0.9782, 0.9795, 0.9799, 0.9791, 0.9792, 0.9794, 0.979, 0.9803, 0.9803, 0.9805, 0.9806, 0.9807, 0.981, 0.9811, 0.9815, 0.981, 0.9813, 0.9817, 0.9817, 0.9815, 0.981, 0.9811]
0.7171193179132798
0.16007125972838654

4
[0.9572, 0.9667, 0.9697, 0.9727, 0.9742, 0.9747, 0.9769, 0.977, 0.9772, 0.9779, 0.9777, 0.9785, 0.9797, 0.9799, 0.9799, 0.9796, 0.9807, 0.9798, 0.9803, 0.9804, 0.9813, 0.9815, 0.9809, 0.9812, 0.9818, 0.9816, 0.9807, 0.9812, 0.9804, 0.9821]
0.7322964165757311
0.17690936488537534

5
[0.9525, 0.9613, 0.9667, 0.9699, 0.9715, 0.9724, 0.9732, 0.9739, 0.975, 0.9759, 0.9769, 0.9764, 0.9772, 0.9766, 0.9777, 0.9778, 0.9783, 0.9785, 0.978, 0.9791, 0.9784, 0.9789, 0.979, 0.9787, 0.9792, 0.9798, 0.9797, 0.9799, 0.9797, 0.9799]
0.7298195911004048
0.15901313832176311

6
[0.9521, 0.9595, 0.9639, 0.9662, 0.9683, 0.9695, 0.9699, 0.9708, 0.9713, 0.9717, 0.9721, 0.9731, 0.9738, 0.9737, 0.9742, 0.9743, 0.9748, 0.9756, 0.9768, 0.9765, 0.9763, 0.9764, 0.9769, 0.9769, 0.9769, 0.9776, 0.9773, 0.9772, 0.9777, 0.9778]
0.7283035396488619
0.16257897701723434

7
[0.945, 0.9529, 0.9577, 0.9594, 0.9619, 0.9624, 0.9639, 0.9638, 0.9653, 0.9671, 0.9676, 0.9676, 0.9681, 0.9682, 0.9692, 0.9692, 0.9698, 0.97, 0.9703, 0.9704, 0.9703, 0.9712, 0.9704, 0.9723, 0.9711, 0.9712, 0.9714, 0.9714, 0.9716, 0.9714]
0.7295222821597307
0.1539080238433498

8
[0.9253, 0.9352, 0.939, 0.9421, 0.9439, 0.9453, 0.9466, 0.9479, 0.949, 0.9489, 0.9498, 0.9505, 0.9522, 0.9521, 0.9526, 0.9534, 0.9536, 0.9535, 0.9531, 0.9537, 0.9544, 0.9558, 0.955, 0.9552, 0.9559, 0.9559, 0.9555, 0.9568, 0.9573, 0.9573]
0.7410649142953594
0.1369999463510792

