0
[0.8991, 0.9123, 0.9189, 0.9228, 0.9294, 0.9342, 0.9377, 0.9396, 0.9429, 0.9464, 0.9506, 0.9517, 0.9546, 0.9567, 0.9582, 0.9596, 0.9612, 0.9616, 0.9626, 0.9655, 0.966, 0.9664, 0.9666, 0.9677, 0.9678, 0.969, 0.9697, 0.9697, 0.9703, 0.9717]
0.44690241380375806
0.1520544252263333

1
[0.8932, 0.9118, 0.9177, 0.9207, 0.9289, 0.9342, 0.9389, 0.9408, 0.9453, 0.9462, 0.9491, 0.953, 0.9548, 0.9552, 0.9579, 0.9586, 0.9602, 0.9626, 0.9625, 0.9646, 0.9637, 0.9652, 0.9662, 0.9674, 0.9668, 0.9675, 0.9684, 0.9693, 0.9703, 0.9699]
0.4747739051987554
0.15495364070994155

2
[0.8963, 0.9101, 0.9173, 0.9242, 0.9292, 0.9333, 0.9383, 0.9428, 0.9442, 0.9479, 0.9509, 0.9516, 0.9545, 0.9556, 0.9571, 0.959, 0.9601, 0.9613, 0.962, 0.9632, 0.9647, 0.9639, 0.9662, 0.9666, 0.9665, 0.969, 0.9693, 0.9697, 0.9699, 0.9703]
0.501176210546183
0.15395168938812737

3
[0.8926, 0.9075, 0.9185, 0.9224, 0.9296, 0.9338, 0.9367, 0.9408, 0.9429, 0.9458, 0.9485, 0.9497, 0.9521, 0.9548, 0.9554, 0.957, 0.9576, 0.9597, 0.9612, 0.9614, 0.9624, 0.963, 0.9629, 0.9646, 0.9644, 0.9657, 0.9661, 0.9669, 0.9669, 0.968]
0.532082870166068
0.15310459995212183

4
[0.8904, 0.9044, 0.9161, 0.9227, 0.9282, 0.9333, 0.9365, 0.9393, 0.9434, 0.9436, 0.9486, 0.9503, 0.9498, 0.9524, 0.9547, 0.9552, 0.9572, 0.9567, 0.9593, 0.9593, 0.9598, 0.9616, 0.9621, 0.9634, 0.9637, 0.9647, 0.9656, 0.9644, 0.966, 0.9663]
0.5507547008991596
0.1519602869411191

5
[0.8831, 0.9042, 0.9151, 0.9207, 0.9263, 0.9289, 0.9337, 0.9378, 0.941, 0.9438, 0.9458, 0.9476, 0.9487, 0.9502, 0.952, 0.9521, 0.9544, 0.9548, 0.956, 0.9576, 0.958, 0.9592, 0.9593, 0.9599, 0.9606, 0.9611, 0.9617, 0.9616, 0.9625, 0.9635]
0.5646431670597533
0.1453967290510103

6
[0.8768, 0.9016, 0.9113, 0.9184, 0.9226, 0.9271, 0.9296, 0.9335, 0.937, 0.94, 0.9423, 0.9432, 0.9442, 0.9459, 0.9468, 0.9476, 0.9492, 0.9518, 0.9533, 0.954, 0.953, 0.9554, 0.956, 0.9553, 0.9573, 0.9579, 0.9584, 0.9586, 0.9601, 0.9598]
0.5998579649714848
0.1426998352767322

7
[0.8635, 0.895, 0.903, 0.9086, 0.9157, 0.9192, 0.9226, 0.9262, 0.9266, 0.9307, 0.933, 0.9344, 0.9352, 0.9372, 0.9397, 0.9402, 0.9428, 0.9426, 0.9421, 0.9445, 0.9457, 0.9466, 0.9466, 0.948, 0.9485, 0.9491, 0.95, 0.9497, 0.9498, 0.9516]
0.6193983535504097
0.13234025386085072

8
[0.8339, 0.867, 0.8856, 0.8937, 0.8966, 0.9035, 0.9082, 0.9116, 0.9137, 0.9165, 0.9165, 0.9185, 0.9221, 0.9247, 0.9247, 0.9262, 0.927, 0.9271, 0.9276, 0.9288, 0.9298, 0.9299, 0.9316, 0.9321, 0.9328, 0.9324, 0.9319, 0.9336, 0.9358, 0.9357]
0.6727017443032071
0.10675233714016791

