0
[0.9332, 0.9512, 0.961, 0.9668, 0.9692, 0.9728, 0.9767, 0.9763, 0.977, 0.9809, 0.9796, 0.9801, 0.9808, 0.9813, 0.9807, 0.981, 0.9813, 0.982, 0.9821, 0.9818, 0.9823, 0.9816, 0.9806, 0.9814, 0.9799, 0.9804, 0.9814, 0.9811, 0.9802, 0.9838]
0.35987427142595085
0.17517359965876553

1
[0.9321, 0.9502, 0.9548, 0.9659, 0.97, 0.9711, 0.973, 0.9737, 0.9753, 0.9758, 0.9781, 0.9785, 0.9751, 0.979, 0.9747, 0.978, 0.9795, 0.9782, 0.9765, 0.9783, 0.9783, 0.9801, 0.9813, 0.9794, 0.9812, 0.9799, 0.9804, 0.9791, 0.9798, 0.9809]
0.34429686822908523
0.1717037511235813

2
[0.9295, 0.9451, 0.9534, 0.9582, 0.9623, 0.9668, 0.9664, 0.9712, 0.9723, 0.9726, 0.9726, 0.973, 0.9756, 0.9724, 0.9726, 0.9742, 0.9744, 0.9747, 0.9737, 0.9768, 0.9766, 0.976, 0.9775, 0.977, 0.9756, 0.9771, 0.9776, 0.9759, 0.9766, 0.974]
0.31348291778875037
0.1763550896660668

3
[0.9256, 0.9313, 0.9392, 0.9417, 0.9486, 0.9499, 0.9514, 0.9511, 0.9498, 0.9539, 0.9529, 0.9594, 0.9593, 0.9585, 0.9556, 0.9565, 0.9569, 0.9598, 0.9588, 0.9591, 0.9556, 0.9587, 0.9579, 0.9586, 0.9588, 0.9624, 0.9554, 0.9602, 0.9604, 0.9576]
0.23403189446696368
0.1759541617121554

4
[0.9086, 0.9116, 0.9076, 0.9104, 0.9163, 0.916, 0.9114, 0.9158, 0.9123, 0.9143, 0.9155, 0.9163, 0.9172, 0.9155, 0.9168, 0.922, 0.9203, 0.9219, 0.9223, 0.9196, 0.9177, 0.9196, 0.9182, 0.9213, 0.9238, 0.92, 0.9152, 0.9176, 0.921, 0.9244]
0.20263300846000748
0.11617569732423047

5
[0.8769, 0.8882, 0.8876, 0.8792, 0.8883, 0.8821, 0.8897, 0.8843, 0.8802, 0.8864, 0.8797, 0.8875, 0.885, 0.8842, 0.8818, 0.8787, 0.8776, 0.8882, 0.881, 0.8824, 0.8769, 0.876, 0.8792, 0.8802, 0.8808, 0.881, 0.8781, 0.8887, 0.8832, 0.8857]
0.17718719427939675
0.0835595447460851

6
[0.7681, 0.7382, 0.7676, 0.7959, 0.7982, 0.7055, 0.7552, 0.7374, 0.7345, 0.7568, 0.759, 0.782, 0.7487, 0.7695, 0.7797, 0.7334, 0.7294, 0.7674, 0.7934, 0.8006, 0.8058, 0.7446, 0.7775, 0.7483, 0.7521, 0.7209, 0.7622, 0.7598, 0.7811, 0.7426]
0.1349916276500025
0.049748314862314486

7
[0.0958, 0.101, 0.0958, 0.1135, 0.1009, 0.0974, 0.1135, 0.1028, 0.1135, 0.0982, 0.1028, 0.0974, 0.101, 0.1028, 0.0982, 0.1135, 0.1135, 0.0892, 0.0958, 0.1032, 0.1135, 0.1135, 0.098, 0.0974, 0.1135, 0.1135, 0.101, 0.0982, 0.1135, 0.1135]
0.005215641262412451
7.496105233820335e-09

8
[0.1032, 0.1135, 0.098, 0.0958, 0.1135, 0.1009, 0.101, 0.1032, 0.0982, 0.1009, 0.098, 0.1135, 0.1032, 0.0974, 0.101, 0.1009, 0.1009, 0.1032, 0.098, 0.0974, 0.0982, 0.1032, 0.1028, 0.1009, 0.1009, 0.1028, 0.0982, 0.1135, 0.1028, 0.1009]
0.0006157072079631072
1.6569244996873862e-08

9
[0.0958, 0.1028, 0.0982, 0.098, 0.1135, 0.101, 0.1028, 0.101, 0.098, 0.1009, 0.1135, 0.1009, 0.1135, 0.1009, 0.1135, 0.1032, 0.0974, 0.101, 0.0958, 0.0958, 0.1009, 0.1009, 0.0974, 0.1032, 0.1135, 0.101, 0.1009, 0.101, 0.1028, 0.098]
0.00022161581016162945
9.230410235675863e-08

10
[0.0958, 0.0958, 0.1135, 0.1135, 0.1135, 0.1009, 0.1135, 0.0982, 0.0892, 0.1135, 0.1135, 0.1032, 0.0958, 0.101, 0.0892, 0.101, 0.098, 0.1009, 0.1135, 0.1028, 0.0974, 0.0958, 0.1032, 0.1135, 0.098, 0.101, 0.1135, 0.0958, 0.1028, 0.1135]
7.008529176863584e-05
1.0873404229742434e-06

