0
[0.1103, 0.1388, 0.2024, 0.2649, 0.3042, 0.329, 0.3447, 0.3568, 0.3683, 0.3744, 0.3797, 0.3847, 0.3887, 0.3925, 0.3987, 0.403, 0.4085, 0.4125, 0.4176, 0.4215, 0.4254, 0.43, 0.4329, 0.4375, 0.4409, 0.4455, 0.4486, 0.4512, 0.4552, 0.46]
0.0398359279523026
0.01453447750092088

1
[0.1251, 0.2605, 0.3835, 0.5148, 0.5953, 0.6276, 0.6441, 0.6574, 0.6653, 0.6705, 0.6747, 0.6768, 0.6791, 0.6812, 0.6836, 0.6842, 0.6851, 0.6863, 0.6876, 0.6896, 0.6911, 0.6922, 0.694, 0.6948, 0.6966, 0.6975, 0.6984, 0.6996, 0.7004, 0.7008]
0.07523526905126146
0.02283744369719477

2
[0.6379, 0.6924, 0.7093, 0.7203, 0.7299, 0.7361, 0.7425, 0.7476, 0.7499, 0.7529, 0.7564, 0.7583, 0.7608, 0.7637, 0.7668, 0.7689, 0.7712, 0.7728, 0.7743, 0.7759, 0.7776, 0.7793, 0.7804, 0.7819, 0.7837, 0.7847, 0.7863, 0.7873, 0.789, 0.7901]
0.17103373594718735
0.04755864487135001

3
[0.7442, 0.7655, 0.7808, 0.7912, 0.7977, 0.807, 0.8124, 0.8172, 0.8222, 0.8258, 0.8309, 0.834, 0.8382, 0.8413, 0.8427, 0.8457, 0.8482, 0.8506, 0.8523, 0.8536, 0.8556, 0.8565, 0.8577, 0.8592, 0.8612, 0.8622, 0.8636, 0.8651, 0.8659, 0.8666]
0.2573012581837927
0.07213494218828737

4
[0.8295, 0.8539, 0.8672, 0.8756, 0.8804, 0.8855, 0.889, 0.8915, 0.8949, 0.8969, 0.8986, 0.8994, 0.9004, 0.9019, 0.9023, 0.9036, 0.9043, 0.9052, 0.9058, 0.9066, 0.9076, 0.9078, 0.9089, 0.9095, 0.9102, 0.9107, 0.911, 0.9106, 0.9115, 0.9125]
0.29177584979817217
0.10278593250634972

5
[0.8939, 0.9045, 0.9108, 0.9152, 0.918, 0.9183, 0.9209, 0.9229, 0.9237, 0.9243, 0.9269, 0.9276, 0.9276, 0.929, 0.9299, 0.9297, 0.9302, 0.9319, 0.9316, 0.9334, 0.9331, 0.9342, 0.9345, 0.936, 0.9361, 0.9366, 0.9367, 0.937, 0.937, 0.9379]
0.3099064079107226
0.13791014808384308

6
[0.9224, 0.9304, 0.9353, 0.9401, 0.943, 0.9465, 0.9472, 0.948, 0.9503, 0.9519, 0.9527, 0.9539, 0.9537, 0.9561, 0.957, 0.9574, 0.9577, 0.9598, 0.9597, 0.9597, 0.9608, 0.9617, 0.9619, 0.9623, 0.9624, 0.9634, 0.9635, 0.9637, 0.9645, 0.9644]
0.35882980690508637
0.15731936189570622

7
[0.9511, 0.961, 0.9669, 0.9687, 0.972, 0.972, 0.9739, 0.9748, 0.9767, 0.9757, 0.9765, 0.977, 0.9778, 0.9773, 0.9775, 0.9784, 0.9788, 0.9781, 0.9798, 0.9794, 0.9798, 0.9809, 0.9809, 0.98, 0.9809, 0.981, 0.9806, 0.9807, 0.9811, 0.981]
0.47609858506202396
0.15842900113558553

8
[0.9663, 0.9721, 0.9738, 0.9775, 0.9779, 0.9783, 0.9802, 0.9802, 0.9793, 0.9803, 0.9802, 0.9802, 0.9798, 0.9804, 0.9808, 0.9806, 0.9811, 0.9808, 0.9811, 0.9811, 0.9811, 0.9811, 0.9809, 0.9812, 0.9813, 0.9812, 0.9812, 0.9817, 0.9814, 0.9813]
0.6475965641371162
0.20025498979589246

9
[0.9481, 0.9553, 0.9628, 0.9637, 0.9674, 0.9688, 0.9689, 0.9704, 0.9712, 0.97, 0.97, 0.9716, 0.9713, 0.9722, 0.971, 0.9711, 0.971, 0.9705, 0.9717, 0.9711, 0.9721, 0.9712, 0.9713, 0.9708, 0.9714, 0.9709, 0.9708, 0.9715, 0.9708, 0.9709]
0.8110279560034923
0.18047380863809015

10
[0.9255, 0.928, 0.9419, 0.9483, 0.9559, 0.9571, 0.9587, 0.9567, 0.9605, 0.9604, 0.9609, 0.9622, 0.9657, 0.9649, 0.964, 0.9637, 0.9649, 0.964, 0.964, 0.9639, 0.9649, 0.9652, 0.963, 0.9644, 0.9636, 0.963, 0.9633, 0.9636, 0.9646, 0.9634]
0.8259136312756584
0.265792106706224

