0
[0.0799, 0.08, 0.081, 0.0824, 0.0831, 0.0834, 0.0838, 0.084, 0.0851, 0.0859, 0.0869, 0.0873, 0.0874, 0.0877, 0.0886, 0.0893, 0.0899, 0.0906, 0.0919, 0.092, 0.0921, 0.0928, 0.0937, 0.0953, 0.0962, 0.0967, 0.0979, 0.0996, 0.1011, 0.1016]
0.029920824483668652
0.011175631289007112

1
[0.0982, 0.0982, 0.0982, 0.0982, 0.0982, 0.0982, 0.0982, 0.0983, 0.0984, 0.0989, 0.0995, 0.0996, 0.1003, 0.1008, 0.1011, 0.1037, 0.1071, 0.1112, 0.1152, 0.1215, 0.1286, 0.1366, 0.1452, 0.1535, 0.1619, 0.1728, 0.1825, 0.1909, 0.1984, 0.2061]
0.0300565625863919
0.011730702165988

2
[0.098, 0.098, 0.098, 0.098, 0.098, 0.098, 0.098, 0.098, 0.098, 0.098, 0.1002, 0.1229, 0.1907, 0.2417, 0.2712, 0.288, 0.2995, 0.3079, 0.3152, 0.3223, 0.3293, 0.3361, 0.3426, 0.3506, 0.3591, 0.3669, 0.3749, 0.3825, 0.3894, 0.3967]
0.03591832004847016
0.013694213149148341

3
[0.0982, 0.1581, 0.2206, 0.2278, 0.2595, 0.3003, 0.3375, 0.3677, 0.395, 0.4194, 0.4392, 0.454, 0.4674, 0.481, 0.4943, 0.5075, 0.5204, 0.5315, 0.542, 0.554, 0.5622, 0.571, 0.5779, 0.5863, 0.5943, 0.6003, 0.6079, 0.6143, 0.6199, 0.6266]
0.06839754460543385
0.024078301599425686

4
[0.1127, 0.3294, 0.5313, 0.5738, 0.6096, 0.6387, 0.6582, 0.6691, 0.6786, 0.688, 0.694, 0.7002, 0.7063, 0.7107, 0.7152, 0.7166, 0.7213, 0.7263, 0.7306, 0.7344, 0.7393, 0.7431, 0.746, 0.7504, 0.7536, 0.7571, 0.7611, 0.7638, 0.7667, 0.7711]
0.15245993136416014
0.050874668806823106

5
[0.4454, 0.5906, 0.6327, 0.6916, 0.7028, 0.7192, 0.7411, 0.7446, 0.7606, 0.774, 0.7795, 0.79, 0.8003, 0.808, 0.8127, 0.8202, 0.8251, 0.8317, 0.8353, 0.8422, 0.8458, 0.8498, 0.8533, 0.8565, 0.8599, 0.8621, 0.8661, 0.868, 0.8694, 0.8712]
0.21778296891869373
0.06938245984221285

6
[0.6792, 0.7198, 0.7573, 0.7974, 0.821, 0.8408, 0.8515, 0.8626, 0.8678, 0.8743, 0.8781, 0.883, 0.8864, 0.8886, 0.8913, 0.8937, 0.8958, 0.8976, 0.8983, 0.8993, 0.9003, 0.9013, 0.9029, 0.904, 0.9043, 0.9055, 0.9057, 0.9063, 0.9084, 0.9078]
0.23125778768746014
0.08704509910987786

7
[0.7644, 0.8423, 0.869, 0.8851, 0.892, 0.8991, 0.9026, 0.905, 0.9076, 0.9101, 0.9115, 0.9131, 0.9155, 0.9167, 0.9187, 0.9192, 0.9204, 0.9209, 0.9231, 0.9229, 0.9241, 0.9264, 0.9266, 0.9276, 0.9282, 0.9284, 0.9296, 0.9306, 0.9311, 0.9323]
0.2415015594346237
0.1241348090231593

8
[0.871, 0.8969, 0.9056, 0.9145, 0.9182, 0.9212, 0.9231, 0.9275, 0.9295, 0.9333, 0.9363, 0.938, 0.9402, 0.9426, 0.9447, 0.9442, 0.9466, 0.9487, 0.9499, 0.951, 0.9535, 0.9538, 0.9543, 0.9555, 0.9558, 0.9579, 0.9585, 0.9593, 0.9606, 0.9609]
0.2904391271125615
0.16778636638698524

9
[0.9041, 0.9187, 0.929, 0.9374, 0.9441, 0.9501, 0.9526, 0.9561, 0.959, 0.9619, 0.9645, 0.9662, 0.9663, 0.9694, 0.9684, 0.9696, 0.9701, 0.9712, 0.9732, 0.9736, 0.9746, 0.9746, 0.9754, 0.9769, 0.9779, 0.9765, 0.9762, 0.9784, 0.9773, 0.9775]
0.30798013918563705
0.1781234880043739

10
[0.9305, 0.9492, 0.9587, 0.9671, 0.9695, 0.9692, 0.9746, 0.9747, 0.9747, 0.9773, 0.9757, 0.9781, 0.9788, 0.9783, 0.9807, 0.9799, 0.9794, 0.9815, 0.9809, 0.9805, 0.9819, 0.9807, 0.9806, 0.9817, 0.982, 0.9817, 0.9821, 0.9813, 0.9811, 0.9816]
0.42632277376617483
0.1648370802347072

