0
[0.8924, 0.9122, 0.9189, 0.9239, 0.9247, 0.9316, 0.9357, 0.938, 0.9433, 0.9454, 0.9475, 0.9519, 0.9532, 0.9564, 0.957, 0.9588, 0.96, 0.9611, 0.9636, 0.9639, 0.9633, 0.9651, 0.9668, 0.9667, 0.9683, 0.9678, 0.9687, 0.9696, 0.9701, 0.9698]
0.31883971969294267
0.16442941266897024

1
[0.893, 0.9134, 0.9176, 0.9201, 0.9274, 0.9299, 0.9363, 0.9409, 0.9432, 0.9452, 0.9479, 0.9507, 0.953, 0.9522, 0.9572, 0.9591, 0.9607, 0.9619, 0.9619, 0.9635, 0.9647, 0.9652, 0.9671, 0.968, 0.9682, 0.9685, 0.9699, 0.9702, 0.9692, 0.97]
0.3231004271224839
0.1645112409906266

2
[0.8916, 0.9142, 0.9168, 0.9228, 0.9282, 0.9289, 0.9317, 0.936, 0.9411, 0.944, 0.947, 0.9499, 0.9513, 0.9529, 0.9528, 0.9571, 0.9564, 0.9591, 0.9595, 0.9614, 0.9609, 0.9626, 0.9629, 0.9647, 0.9651, 0.9651, 0.9655, 0.9675, 0.9677, 0.9673]
0.30024042276976315
0.15096871122535993

3
[0.8927, 0.9085, 0.9162, 0.9221, 0.923, 0.9239, 0.9255, 0.9337, 0.9342, 0.9357, 0.9373, 0.9404, 0.9428, 0.9438, 0.9447, 0.9458, 0.9485, 0.9492, 0.949, 0.9486, 0.949, 0.9514, 0.951, 0.9501, 0.9511, 0.9535, 0.9526, 0.9546, 0.9555, 0.955]
0.24722219983149546
0.13002137486870585

4
[0.8959, 0.9079, 0.9088, 0.9139, 0.914, 0.9148, 0.9137, 0.9154, 0.9143, 0.9161, 0.9182, 0.9177, 0.9183, 0.9192, 0.9167, 0.9185, 0.9184, 0.9163, 0.9141, 0.9178, 0.919, 0.9192, 0.9237, 0.9223, 0.9222, 0.9229, 0.9224, 0.9229, 0.9215, 0.9237]
0.2155715579507877
0.09633115372456397

5
[0.882, 0.8841, 0.8842, 0.8896, 0.8912, 0.8871, 0.8886, 0.8857, 0.8867, 0.8868, 0.8909, 0.8893, 0.8863, 0.8865, 0.8897, 0.8923, 0.8834, 0.893, 0.8878, 0.8909, 0.8843, 0.8913, 0.8872, 0.8929, 0.8885, 0.8853, 0.8896, 0.8931, 0.8866, 0.8928]
0.18768344730533904
0.08304640637325611

6
[0.7678, 0.7836, 0.783, 0.7377, 0.7839, 0.7537, 0.7335, 0.7888, 0.7545, 0.799, 0.7495, 0.7663, 0.7591, 0.7465, 0.7586, 0.755, 0.7235, 0.7649, 0.7548, 0.7602, 0.7206, 0.7807, 0.7106, 0.7306, 0.7763, 0.6967, 0.7465, 0.7082, 0.6745, 0.7765]
0.14262774224025168
0.049497860265281836

7
[0.1032, 0.1032, 0.0982, 0.1135, 0.1135, 0.0958, 0.1032, 0.0974, 0.0982, 0.1032, 0.098, 0.1028, 0.1135, 0.1009, 0.1009, 0.1028, 0.1032, 0.101, 0.1009, 0.0958, 0.1028, 0.0892, 0.1032, 0.101, 0.1135, 0.0982, 0.1028, 0.1135, 0.0982, 0.1028]
0.004478568439128996
2.2905429761103816e-10

8
[0.1009, 0.0892, 0.0958, 0.1028, 0.0892, 0.1135, 0.1009, 0.1032, 0.098, 0.1135, 0.0982, 0.0958, 0.101, 0.101, 0.1135, 0.1135, 0.1135, 0.098, 0.1032, 0.098, 0.1028, 0.098, 0.1135, 0.1032, 0.1032, 0.0982, 0.1032, 0.0982, 0.1028, 0.1028]
0.001015282655055799
2.168404344971009e-19

9
[0.1032, 0.098, 0.1028, 0.1032, 0.0958, 0.0974, 0.1032, 0.1028, 0.0974, 0.1135, 0.1009, 0.098, 0.098, 0.101, 0.101, 0.1028, 0.0958, 0.101, 0.101, 0.0982, 0.0958, 0.0958, 0.0892, 0.0982, 0.101, 0.1135, 0.0958, 0.0982, 0.101, 0.0958]
0.000173591932718859
0.0

10
[0.0958, 0.1028, 0.1032, 0.098, 0.1032, 0.1032, 0.1032, 0.0982, 0.0892, 0.098, 0.1032, 0.1135, 0.1028, 0.1135, 0.0982, 0.0974, 0.1028, 0.1009, 0.1028, 0.098, 0.0958, 0.1135, 0.1009, 0.0974, 0.0974, 0.1032, 0.1032, 0.0982, 0.0958, 0.098]
0.00011565416872329574
1.3552527156068805e-20

