0
[0.7238, 0.7451, 0.7789, 0.8008, 0.8165, 0.8329, 0.8457, 0.8529, 0.8624, 0.8673, 0.8736, 0.8787, 0.8836, 0.8867, 0.8917, 0.8944, 0.897, 0.8988, 0.9007, 0.9023, 0.9039, 0.9051, 0.9064, 0.907, 0.9085, 0.9096, 0.91, 0.9112, 0.9121, 0.9133]
0.2816258581857495
0.09639766502769052

1
[0.7804, 0.8372, 0.8646, 0.8804, 0.8921, 0.9006, 0.9047, 0.909, 0.911, 0.9136, 0.9156, 0.9179, 0.9186, 0.921, 0.922, 0.9241, 0.9248, 0.9259, 0.9271, 0.9288, 0.9292, 0.9307, 0.9322, 0.9329, 0.9338, 0.9358, 0.9362, 0.9374, 0.938, 0.9395]
0.3045342438215235
0.12990577151200916

2
[0.8683, 0.8992, 0.9105, 0.9167, 0.9217, 0.9271, 0.9293, 0.9325, 0.9351, 0.9377, 0.9393, 0.9421, 0.9448, 0.9469, 0.9477, 0.9497, 0.9514, 0.9528, 0.9541, 0.9548, 0.9562, 0.957, 0.9589, 0.9591, 0.9607, 0.9614, 0.962, 0.9626, 0.9637, 0.9645]
0.3188239665404453
0.16263330363573505

3
[0.9101, 0.9267, 0.9369, 0.943, 0.9485, 0.9534, 0.9575, 0.9597, 0.9643, 0.9664, 0.9677, 0.9695, 0.9706, 0.9714, 0.973, 0.9732, 0.9744, 0.9751, 0.9762, 0.9767, 0.9765, 0.9766, 0.9761, 0.9775, 0.9779, 0.9797, 0.9785, 0.9796, 0.98, 0.9794]
0.3390042853603443
0.16487643872961175

4
[0.9331, 0.9528, 0.9615, 0.9691, 0.9721, 0.9748, 0.9761, 0.9779, 0.9803, 0.9791, 0.9803, 0.9791, 0.9813, 0.9796, 0.9816, 0.9804, 0.9813, 0.9813, 0.9816, 0.9801, 0.9806, 0.9807, 0.9799, 0.9815, 0.9788, 0.9807, 0.9812, 0.9784, 0.9819, 0.982]
0.37157181512808346
0.16509042108956729

5
[0.9552, 0.9689, 0.9772, 0.9733, 0.9737, 0.9772, 0.9793, 0.9784, 0.9771, 0.9761, 0.9788, 0.9782, 0.978, 0.9758, 0.9793, 0.9798, 0.977, 0.9802, 0.9787, 0.9811, 0.9771, 0.9808, 0.9779, 0.9807, 0.9777, 0.9768, 0.9808, 0.9796, 0.9799, 0.9768]
0.481391620556515
0.1973231591118662

6
[0.967, 0.9686, 0.9651, 0.9712, 0.9722, 0.9704, 0.9716, 0.9659, 0.9684, 0.9739, 0.9664, 0.9725, 0.9718, 0.9742, 0.9731, 0.9768, 0.9715, 0.9696, 0.9726, 0.9726, 0.9706, 0.9736, 0.9744, 0.9733, 0.9732, 0.9723, 0.9709, 0.9707, 0.9697, 0.9764]
0.6465374728567745
0.23390883099393642

7
[0.9404, 0.9374, 0.9388, 0.9444, 0.9449, 0.9465, 0.9464, 0.9479, 0.9467, 0.9504, 0.9556, 0.9498, 0.9462, 0.9569, 0.9526, 0.9534, 0.9463, 0.948, 0.9544, 0.9559, 0.9507, 0.9574, 0.9561, 0.9543, 0.9526, 0.9542, 0.9568, 0.9555, 0.9603, 0.9595]
0.7236853898431995
0.30898804755758985

