0
[0.922, 0.9402, 0.9494, 0.9551, 0.9605, 0.9636, 0.965, 0.9674, 0.9704, 0.9705, 0.9704, 0.9722, 0.9722, 0.9726, 0.9719, 0.9737, 0.9728, 0.9744, 0.9739, 0.9741, 0.9739, 0.974, 0.9738, 0.9737, 0.9729, 0.9741, 0.9735, 0.9733, 0.9723, 0.9745]
0.3716600477292392
0.15457340654558588

1
[0.9266, 0.9459, 0.9565, 0.9643, 0.9661, 0.9706, 0.9725, 0.9744, 0.9753, 0.9765, 0.9773, 0.9778, 0.9801, 0.9788, 0.978, 0.9785, 0.98, 0.9796, 0.9793, 0.9799, 0.9794, 0.9797, 0.9797, 0.9791, 0.9804, 0.9801, 0.98, 0.9804, 0.9791, 0.9792]
0.3703509051328849
0.17006889384141868

2
[0.9327, 0.9488, 0.9613, 0.9682, 0.9698, 0.9748, 0.9758, 0.9759, 0.9781, 0.9804, 0.9802, 0.9806, 0.9816, 0.9793, 0.981, 0.9801, 0.9801, 0.9803, 0.9799, 0.9814, 0.9816, 0.9809, 0.9807, 0.9813, 0.9783, 0.9793, 0.9805, 0.9823, 0.9799, 0.9808]
0.38096816368192865
0.16910354688884466

3
[0.9358, 0.9496, 0.9639, 0.9678, 0.9699, 0.9763, 0.977, 0.9786, 0.9783, 0.9785, 0.9779, 0.9795, 0.9798, 0.9806, 0.981, 0.9801, 0.982, 0.9815, 0.9798, 0.9816, 0.9811, 0.982, 0.9788, 0.9816, 0.9826, 0.9824, 0.9821, 0.982, 0.9788, 0.9821]
0.40635372243553664
0.16996675955660526

4
[0.9342, 0.9547, 0.9636, 0.9716, 0.9741, 0.9765, 0.9783, 0.9781, 0.9798, 0.9815, 0.9802, 0.982, 0.981, 0.981, 0.9793, 0.9807, 0.9817, 0.9817, 0.9816, 0.9757, 0.9837, 0.9811, 0.9826, 0.9823, 0.9834, 0.9817, 0.9833, 0.9829, 0.9812, 0.9831]
0.41785295731891886
0.17608279231324334

5
[0.9374, 0.958, 0.9653, 0.9735, 0.976, 0.9779, 0.9783, 0.9786, 0.981, 0.981, 0.9793, 0.9806, 0.9807, 0.9815, 0.9833, 0.9831, 0.9833, 0.9821, 0.9816, 0.9789, 0.9838, 0.9786, 0.9824, 0.9827, 0.98, 0.9824, 0.9835, 0.9839, 0.9824, 0.9834]
0.4700600703656428
0.16814151231238836

6
[0.9365, 0.9559, 0.9671, 0.9717, 0.9769, 0.9792, 0.979, 0.9794, 0.9805, 0.9802, 0.9787, 0.9823, 0.9817, 0.9811, 0.9794, 0.9808, 0.9804, 0.9824, 0.9774, 0.9824, 0.9833, 0.9809, 0.9841, 0.9838, 0.9825, 0.9841, 0.9835, 0.9835, 0.9784, 0.9818]
0.5193493974812893
0.1593917347985862

